2505 7320
1 10 -1
1 14 -1
1 17 -1
1 22 -1
2 12 -1
2 14 1
2 24 1
2 2505 -1
3 4 -1
3 6 1
3 18 -1
3 20 1
3 2503 -1
3 2505 -1
4 9 1
4 12 1
4 17 -1
4 2503 1
5 12 1
5 16 1
5 23 -1
5 2503 -1
5 2505 -1
6 9 1
6 13 -1
6 15 1
6 18 -1
6 23 -1
7 9 1
7 15 -1
7 17 -1
7 18 -1
8 12 -1
8 14 1
8 17 1
8 19 1
8 20 -1
8 2502 1
9 14 -1
9 16 -1
9 18 1
9 25 -1
9 2503 1
10 14 1
10 17 -1
10 18 -1
10 23 1
10 25 -1
10 2505 1
11 16 -1
11 22 1
11 23 -1
11 24 1
12 20 -1
12 21 1
12 23 -1
12 2501 1
12 2505 -1
13 21 1
13 24 -1
13 2505 -1
14 18 -1
14 21 -1
15 18 -1
15 21 1
15 22 1
15 2502 1
17 18 -1
17 24 -1
18 2504 1
18 2505 1
19 21 1
19 2503 1
19 2504 1
20 2503 1
20 2505 1
21 2504 1
22 2503 -1
23 2501 1
23 2504 -1
24 2501 -1
25 2501 1
25 2502 1
26 30 -1
26 31 -1
26 34 1
26 36 -1
26 38 -1
26 45 -1
26 2503 -1
27 37 -1
27 49 -1
28 29 -1
28 32 1
28 33 -1
28 41 1
28 49 1
28 2505 -1
29 30 1
29 2502 1
29 2503 -1
30 31 -1
30 37 1
30 43 1
30 48 1
30 2502 -1
31 41 -1
31 46 1
31 2501 1
31 2503 -1
32 38 -1
32 42 1
32 47 -1
33 34 -1
33 39 1
33 2502 -1
33 2504 -1
34 35 1
34 40 1
34 45 -1
34 50 -1
35 38 -1
35 50 1
35 2502 -1
37 46 -1
37 48 1
38 39 1
38 40 1
39 42 -1
39 45 1
39 2502 1
39 2504 -1
40 45 1
40 47 -1
40 2504 1
41 43 1
41 46 1
41 48 -1
41 2502 1
42 2501 -1
43 48 -1
43 2501 1
44 48 1
44 50 1
44 2505 1
45 46 1
45 48 1
45 2504 1
47 50 -1
48 50 1
48 2502 -1
49 50 1
49 2503 -1
51 55 1
51 56 1
51 74 1
51 2503 -1
52 53 1
52 65 -1
52 66 -1
52 68 -1
52 69 -1
52 70 -1
52 74 1
53 55 -1
53 65 1
53 75 1
54 55 -1
54 58 -1
54 65 1
55 65 -1
55 66 1
55 68 -1
55 2502 -1
56 58 1
56 64 1
56 70 -1
56 74 -1
57 60 1
57 72 1
57 2505 1
58 61 1
58 2501 1
58 2502 1
58 2503 -1
59 66 -1
60 75 1
60 2502 1
61 62 1
61 65 -1
61 69 1
61 2502 1
62 65 1
63 67 -1
63 69 1
63 71 1
63 74 -1
63 2501 1
63 2504 1
64 66 -1
64 67 -1
64 2501 1
66 67 1
66 70 1
66 71 -1
66 73 -1
67 71 -1
67 73 -1
67 74 1
67 2501 1
68 2504 1
69 71 1
69 2501 -1
72 2504 -1
73 2501 1
73 2505 1
74 2501 1
75 2501 -1
76 77 -1
76 90 1
76 91 1
76 92 -1
76 95 -1
76 97 1
76 100 -1
76 2501 -1
77 83 1
77 88 1
77 90 -1
77 91 1
78 79 -1
78 83 -1
78 88 -1
78 97 -1
78 98 1
78 100 1
78 2501 1
78 2505 1
79 86 1
79 90 1
79 93 1
79 95 -1
79 2504 1
80 83 1
80 86 -1
80 95 1
80 2501 1
80 2505 1
81 82 -1
81 86 -1
81 2501 1
82 86 1
82 87 -1
82 93 -1
82 99 -1
82 2502 1
82 2503 -1
82 2505 -1
83 88 -1
83 89 1
83 91 -1
83 95 -1
83 96 -1
83 97 1
83 98 -1
84 87 1
84 91 -1
84 96 -1
84 2501 1
85 88 1
85 95 -1
85 2503 -1
86 87 -1
86 94 1
86 2503 -1
87 96 -1
87 98 1
88 90 1
88 95 1
88 96 1
88 100 -1
88 2503 1
89 90 1
90 95 1
90 2503 1
90 2504 1
91 97 -1
91 2501 -1
92 93 1
92 2503 1
93 96 -1
93 98 1
93 2502 1
93 2504 1
94 2505 -1
95 98 1
95 2501 -1
96 98 -1
98 2503 1
98 2505 -1
99 2501 -1
99 2502 1
101 104 -1
101 108 1
101 109 -1
101 114 1
101 2501 -1
102 107 -1
103 104 1
103 107 1
104 105 -1
104 109 1
104 113 -1
104 115 1
104 118 1
104 2503 1
105 110 1
105 113 1
105 114 -1
105 116 -1
105 123 -1
105 2502 -1
105 2505 -1
106 115 -1
106 2503 -1
107 112 1
107 2505 1
109 113 -1
109 120 -1
109 122 1
109 123 -1
110 115 -1
110 124 -1
110 2503 -1
112 124 1
112 2503 1
112 2505 1
113 114 1
113 120 1
113 124 -1
113 2503 1
113 2504 1
114 115 1
114 123 1
115 121 1
115 123 1
115 125 1
116 2502 -1
117 2503 1
118 125 -1
119 123 -1
119 2501 -1
119 2503 -1
120 121 1
120 123 -1
120 2503 -1
121 2501 -1
123 2502 -1
123 2503 1
124 2502 -1
124 2504 1
124 2505 1
125 2501 1
125 2503 1
126 127 -1
126 131 -1
126 140 1
126 146 1
127 128 1
127 129 -1
127 130 -1
127 134 -1
127 139 -1
127 144 -1
127 149 1
127 2504 1
127 2505 -1
128 129 -1
128 131 -1
128 143 1
129 134 1
129 136 -1
129 137 1
129 139 1
129 140 1
129 142 1
129 2501 -1
130 131 1
130 132 1
131 136 1
131 143 -1
131 145 -1
131 2501 -1
132 134 1
132 142 -1
132 144 1
132 149 -1
132 2504 -1
133 138 -1
133 142 -1
133 146 1
133 2505 1
134 142 1
134 2504 -1
135 136 1
135 139 -1
135 147 -1
135 150 1
135 2503 -1
135 2504 -1
136 139 1
136 2505 1
137 2502 -1
138 147 -1
138 2505 -1
139 143 1
139 145 -1
139 146 1
139 149 -1
139 2502 -1
139 2504 1
140 146 -1
140 2503 -1
141 142 -1
141 144 -1
142 143 1
142 144 -1
142 149 -1
142 2504 -1
142 2505 1
143 149 1
143 2502 1
143 2503 -1
143 2505 1
144 147 -1
145 148 -1
146 2502 -1
147 148 -1
148 149 1
148 2501 -1
148 2505 -1
149 2503 -1
149 2504 -1
150 2501 -1
150 2505 1
151 2505 -1
152 155 -1
152 174 -1
152 2501 1
153 158 -1
153 160 -1
153 161 -1
153 165 -1
153 166 1
153 167 -1
153 174 1
153 2502 1
153 2505 -1
154 159 1
154 162 1
154 164 1
154 168 1
154 173 1
155 157 1
155 162 1
155 169 1
155 2504 -1
156 162 1
156 2502 -1
156 2505 -1
157 164 1
157 2501 -1
158 159 1
158 162 -1
158 164 1
158 165 1
159 161 1
159 163 -1
159 169 1
159 170 1
159 174 -1
159 175 1
159 2504 -1
160 169 1
160 2501 1
160 2504 1
161 165 -1
161 166 1
161 169 1
162 169 -1
162 2502 1
162 2503 1
162 2504 -1
163 172 1
163 2505 1
164 172 1
164 2503 1
164 2505 -1
165 167 -1
165 174 -1
165 2502 -1
165 2503 1
166 171 -1
167 168 1
167 2505 1
168 169 -1
168 173 1
169 171 1
169 174 1
169 2503 -1
170 171 -1
170 2504 -1
172 173 1
175 2502 -1
175 2504 -1
176 178 -1
176 183 1
176 189 -1
176 193 -1
176 197 1
177 191 1
177 196 -1
177 2503 1
178 198 -1
179 180 -1
179 195 1
179 2501 -1
180 190 -1
180 191 -1
180 2505 -1
181 2501 -1
181 2504 1
182 185 -1
182 199 1
182 2501 -1
183 185 1
183 186 -1
183 2503 1
184 188 1
184 197 -1
184 2503 1
185 2505 1
186 189 1
186 192 -1
186 2505 1
187 196 -1
187 199 -1
188 191 -1
188 196 -1
189 199 -1
190 192 1
190 198 -1
190 2501 1
190 2505 -1
191 196 1
191 197 1
191 200 -1
191 2501 -1
192 200 -1
192 2501 1
193 196 1
193 200 -1
193 2505 -1
194 198 -1
194 2503 -1
194 2504 -1
195 199 1
196 2501 1
197 198 1
197 200 -1
197 2503 -1
198 199 1
198 200 -1
200 2501 1
200 2504 -1
200 2505 1
201 212 1
201 215 1
201 221 -1
201 2502 -1
202 210 1
202 213 1
202 219 1
202 2502 1
203 217 -1
203 218 1
203 220 1
203 225 -1
203 2501 -1
203 2504 1
203 2505 -1
204 210 -1
204 212 1
204 215 1
204 220 -1
204 2501 1
204 2503 -1
205 2503 -1
205 2505 -1
206 207 -1
206 209 -1
206 211 -1
206 219 -1
207 210 1
207 219 -1
207 223 -1
207 225 1
208 217 1
208 219 -1
208 220 -1
208 2503 1
208 2505 -1
209 211 1
209 213 1
209 214 -1
209 221 1
209 224 1
209 2501 -1
209 2503 -1
210 212 -1
210 215 -1
210 2503 -1
210 2504 -1
211 215 1
211 217 -1
212 219 -1
212 225 1
212 2502 1
213 215 1
213 216 -1
213 220 1
213 225 -1
213 2503 -1
214 218 -1
214 223 -1
214 225 1
214 2503 1
215 218 1
216 217 1
216 218 1
218 220 -1
218 2503 -1
218 2504 -1
219 223 -1
219 225 1
219 2502 1
219 2505 1
220 221 -1
220 223 1
221 223 1
223 2502 -1
225 2502 1
225 2505 -1
226 2502 1
227 229 -1
227 235 -1
227 242 -1
227 243 -1
227 2501 -1
228 232 -1
228 236 1
228 246 -1
228 250 1
228 2504 -1
228 2505 -1
229 234 -1
229 246 1
229 249 -1
229 2503 1
230 232 1
230 237 -1
230 240 -1
231 238 1
231 2505 -1
232 241 -1
232 243 1
232 247 -1
233 241 1
233 246 1
233 247 1
234 235 1
234 239 -1
234 2501 -1
235 243 -1
236 242 -1
236 243 -1
236 2501 1
237 242 1
237 249 -1
237 2502 1
238 2503 1
239 244 1
239 247 -1
239 250 -1
239 2504 1
240 243 1
241 242 -1
241 250 -1
241 2501 1
241 2503 -1
242 2504 -1
243 245 -1
244 248 -1
244 250 -1
244 2505 -1
248 2501 1
248 2502 1
251 267 1
251 268 -1
251 271 1
251 2504 -1
252 2502 1
253 259 1
253 268 1
253 270 -1
253 274 1
253 2503 -1
254 258 1
254 268 1
254 2501 -1
254 2504 -1
255 261 1
255 269 -1
255 274 1
255 2505 1
256 258 -1
256 266 -1
256 268 1
256 2503 -1
257 259 1
257 261 -1
257 262 -1
257 266 -1
257 268 -1
258 268 1
258 2504 1
259 267 1
259 272 1
260 261 -1
260 266 1
260 271 -1
261 267 -1
261 268 1
261 2502 -1
261 2504 1
262 263 -1
262 265 -1
262 268 1
262 272 -1
262 273 -1
263 2502 1
263 2504 -1
264 274 1
264 2502 1
265 268 -1
267 269 -1
267 2501 1
268 270 -1
268 2502 -1
268 2503 -1
268 2504 -1
269 270 -1
269 273 -1
269 2501 -1
269 2505 1
270 273 -1
270 274 -1
270 2501 -1
270 2502 -1
270 2503 1
271 273 -1
271 2501 1
271 2502 1
272 274 1
272 275 -1
273 2505 1
274 2502 -1
275 2501 -1
275 2504 -1
275 2505 1
276 278 1
276 279 -1
276 288 -1
276 294 -1
276 295 1
276 297 -1
276 299 -1
277 278 -1
277 285 1
277 287 -1
277 300 1
277 2503 1
278 280 1
278 284 -1
278 288 -1
278 289 -1
278 293 -1
278 2502 -1
278 2503 -1
279 284 -1
279 287 -1
279 288 1
279 296 1
279 297 -1
279 300 -1
280 288 1
280 289 -1
280 293 -1
280 299 1
281 283 1
281 294 -1
281 2501 -1
282 286 -1
282 290 1
282 299 1
283 290 -1
283 291 1
283 297 -1
284 2502 1
285 287 -1
285 289 -1
285 293 -1
286 290 -1
286 291 1
286 294 -1
286 2503 -1
286 2504 1
287 291 1
287 292 1
287 294 1
287 300 1
288 289 -1
288 295 1
288 2501 1
288 2505 1
289 292 1
289 295 -1
289 300 1
290 296 1
290 2502 -1
290 2503 1
290 2504 -1
291 292 -1
291 297 1
291 300 1
292 2501 -1
292 2503 1
293 2502 -1
294 297 1
294 2504 1
295 300 1
296 2501 1
297 298 1
297 2504 1
298 2503 -1
298 2505 1
299 2501 -1
302 309 1
302 314 -1
302 318 -1
303 305 -1
303 306 1
303 314 -1
303 324 -1
304 319 -1
304 2502 1
304 2503 1
305 322 1
305 325 1
306 310 -1
306 314 -1
306 318 1
306 2502 1
307 310 -1
307 311 -1
307 317 -1
307 2504 -1
308 310 -1
308 315 1
308 319 1
308 321 1
308 322 -1
308 325 1
309 310 1
309 317 -1
310 317 -1
310 318 -1
310 320 -1
310 325 -1
311 317 1
311 318 1
311 2505 1
312 322 -1
313 318 -1
314 318 1
314 319 1
314 321 -1
314 323 1
314 325 1
314 2501 1
315 318 -1
315 2504 1
316 2503 1
317 2501 -1
318 322 1
318 323 -1
318 2503 1
318 2505 -1
319 322 -1
319 325 1
319 2501 -1
319 2505 1
320 323 1
320 2503 -1
320 2505 1
321 2502 1
322 2502 1
323 324 1
323 2505 -1
324 2505 -1
325 2504 -1
326 328 1
326 338 -1
326 348 -1
326 2503 -1
327 339 -1
327 343 1
327 347 -1
327 2502 1
327 2503 1
327 2505 1
328 336 -1
328 337 1
328 340 -1
328 347 -1
328 350 1
328 2503 -1
328 2504 -1
329 336 1
329 344 -1
329 350 -1
329 2501 1
329 2502 1
329 2503 -1
330 346 -1
331 332 1
331 344 1
331 2501 1
332 340 -1
332 2502 1
333 335 -1
333 336 1
333 340 1
333 2501 1
333 2502 1
334 342 -1
334 344 -1
334 350 1
334 2501 1
335 339 1
335 2503 1
337 2504 1
338 342 1
338 346 -1
338 349 1
339 344 1
339 347 -1
339 349 1
339 2503 1
340 344 -1
340 2503 -1
340 2504 1
341 347 -1
341 350 1
341 2503 1
342 348 -1
342 350 -1
342 2502 1
343 346 -1
343 348 -1
344 2503 1
344 2505 -1
345 2503 1
346 347 1
348 349 1
348 2501 -1
349 2503 -1
350 2501 -1
351 352 1
351 353 1
351 360 -1
351 364 1
351 368 1
351 370 -1
351 371 -1
351 2503 1
352 357 -1
352 360 -1
353 354 -1
353 355 1
353 359 -1
353 360 1
353 361 1
353 364 1
353 371 1
353 2501 1
354 357 -1
354 358 -1
354 360 -1
354 363 1
354 370 1
354 375 -1
354 2505 -1
355 359 1
355 368 -1
355 2501 -1
356 357 1
356 358 -1
356 360 1
356 371 -1
356 374 1
356 2501 1
356 2503 -1
357 360 1
357 363 -1
357 371 1
358 359 -1
358 362 -1
358 366 1
358 370 -1
358 372 -1
358 374 -1
358 375 1
359 367 1
359 371 -1
359 373 -1
359 375 1
360 362 -1
360 363 1
360 364 -1
360 367 1
361 371 -1
361 373 1
361 2504 -1
362 2504 1
362 2505 -1
363 364 -1
363 370 1
363 373 -1
363 2501 -1
363 2502 -1
364 365 -1
364 367 -1
364 369 1
364 374 -1
364 2504 1
364 2505 -1
365 374 1
365 2501 1
365 2502 -1
366 2502 1
367 368 1
367 2505 1
368 375 1
368 2503 -1
369 370 1
369 374 -1
369 2501 -1
370 2504 1
372 374 -1
372 2504 1
373 375 -1
373 2504 1
374 2503 -1
375 2504 -1
376 378 1
376 388 -1
376 2501 -1
376 2505 -1
377 382 -1
377 385 1
377 394 1
377 395 -1
378 387 1
378 395 1
378 397 1
379 382 1
379 386 -1
379 388 1
379 389 1
379 390 1
380 384 -1
380 394 1
380 395 1
380 2501 -1
381 384 1
381 389 1
381 2505 -1
382 385 1
382 386 -1
382 394 1
382 400 -1
382 2505 1
383 387 1
383 398 -1
383 2501 -1
384 394 1
384 2502 -1
385 387 1
385 390 -1
385 391 1
385 394 1
385 397 -1
386 388 -1
386 393 1
386 2505 -1
387 388 -1
387 390 -1
387 2502 -1
388 393 -1
388 2505 -1
389 398 1
389 2504 1
389 2505 -1
390 2501 1
390 2504 1
392 394 1
392 397 -1
392 399 1
392 2505 -1
393 396 1
393 399 -1
393 2501 1
393 2502 1
393 2505 -1
394 2502 1
394 2503 1
395 400 -1
398 2502 -1
398 2504 -1
400 2501 1
401 410 -1
401 412 1
401 422 1
401 424 1
402 406 1
402 408 1
402 410 1
402 416 -1
402 423 -1
403 411 -1
403 419 1
403 2503 1
403 2504 1
403 2505 1
404 410 1
404 418 1
404 424 1
404 425 1
404 2505 -1
405 406 -1
405 412 1
405 413 -1
405 421 1
405 2503 1
406 407 1
406 410 -1
406 416 -1
406 417 -1
406 418 1
407 419 1
407 421 1
407 422 -1
407 423 -1
408 409 -1
408 418 -1
408 419 1
408 422 -1
408 2503 1
409 411 -1
409 415 1
409 419 1
409 421 -1
409 424 -1
409 2502 -1
409 2503 -1
409 2504 -1
410 422 1
410 2502 1
410 2505 1
411 412 1
411 423 -1
411 2501 -1
412 418 1
412 425 -1
413 417 -1
413 421 1
414 419 -1
414 420 -1
414 422 1
414 424 1
415 417 1
415 423 -1
415 424 1
415 2501 -1
416 421 1
417 418 1
417 421 1
417 422 -1
417 2501 1
417 2503 -1
418 2505 -1
419 2503 1
419 2504 -1
420 421 -1
420 424 -1
421 425 1
421 2501 -1
422 2504 1
423 2501 -1
424 2501 1
424 2503 1
424 2505 -1
426 438 1
426 442 1
426 446 1
426 448 1
426 2501 -1
426 2504 -1
426 2505 1
427 446 1
427 448 1
428 430 1
428 433 -1
428 435 1
428 438 -1
428 446 -1
428 2505 1
429 430 -1
429 435 1
429 440 -1
429 448 -1
429 2501 -1
430 446 -1
430 450 1
430 2501 -1
430 2504 -1
430 2505 1
431 432 -1
431 436 1
431 441 -1
431 449 1
432 444 1
432 2504 1
433 444 1
433 446 1
433 448 1
433 2502 -1
433 2504 1
435 2501 1
435 2504 1
436 446 -1
436 449 -1
436 2501 -1
436 2505 -1
437 2503 -1
438 449 -1
438 450 1
438 2502 1
439 445 1
440 447 1
440 448 -1
440 449 1
440 2504 -1
441 442 -1
442 443 1
443 445 1
443 2502 -1
443 2504 1
444 446 1
444 449 1
444 2504 -1
445 450 -1
445 2505 1
446 447 1
446 2501 -1
446 2505 -1
447 449 1
447 450 1
447 2501 1
447 2503 -1
447 2505 -1
449 2502 1
450 2504 -1
451 454 -1
451 455 -1
451 457 1
451 465 1
451 474 -1
452 454 -1
452 455 1
452 465 1
452 468 -1
452 469 1
453 459 -1
453 462 1
453 466 1
453 474 1
454 458 -1
454 461 -1
454 471 -1
455 470 -1
455 473 1
455 474 1
455 2501 1
455 2503 -1
456 465 1
456 466 -1
456 2502 1
457 459 -1
457 461 -1
457 466 -1
457 2501 -1
458 459 1
458 461 -1
458 464 1
458 466 1
458 469 1
459 465 1
459 473 1
459 2501 -1
460 461 1
460 462 -1
460 463 -1
460 2504 1
461 466 -1
461 468 -1
461 475 -1
461 2505 1
462 464 -1
462 469 -1
462 471 -1
462 473 1
462 475 1
462 2503 1
463 466 1
464 465 -1
464 472 1
464 2501 1
464 2504 1
464 2505 1
465 469 1
465 475 -1
465 2502 1
465 2505 -1
466 468 1
466 2502 1
467 469 1
467 470 1
467 473 1
468 2502 1
468 2503 1
468 2505 -1
469 2503 1
470 472 1
470 2503 -1
471 474 -1
471 475 1
471 2503 -1
472 2501 1
472 2502 -1
472 2504 -1
472 2505 1
474 2501 1
474 2505 -1
475 2502 -1
476 478 1
476 479 1
476 480 -1
476 481 -1
476 486 1
476 488 1
476 495 1
476 2504 1
477 478 1
477 480 1
477 484 -1
477 486 1
477 2505 -1
478 479 1
478 496 1
478 498 -1
478 2502 1
479 481 -1
479 490 1
479 491 -1
479 492 1
479 500 -1
479 2501 1
479 2502 1
479 2505 -1
480 481 1
480 486 1
480 487 1
480 492 -1
480 495 1
480 500 -1
480 2505 -1
481 498 -1
481 499 -1
482 490 1
482 500 1
482 2504 -1
482 2505 1
483 484 -1
483 488 1
483 489 -1
483 494 -1
483 499 1
483 2503 1
483 2504 -1
484 490 -1
484 493 1
484 497 1
485 496 1
485 499 -1
485 2501 1
485 2502 1
486 489 1
486 494 -1
486 495 1
486 2501 1
486 2504 -1
487 495 -1
487 500 -1
487 2501 1
487 2502 1
488 492 1
488 495 -1
488 2503 1
488 2505 1
489 496 -1
489 497 -1
490 491 1
490 493 1
490 498 1
491 494 1
491 495 1
492 500 1
492 2504 -1
492 2505 1
493 499 1
493 2505 -1
494 497 1
494 2504 1
495 498 1
496 499 1
496 500 1
496 2505 1
497 499 1
498 500 1
498 2504 -1
499 2505 1
500 2501 1
500 2503 1
501 511 1
501 515 -1
501 2501 -1
502 503 -1
502 508 1
502 510 1
502 522 1
503 504 -1
503 518 -1
503 524 1
503 2504 1
504 508 -1
504 512 -1
504 521 -1
504 2501 -1
505 509 1
505 515 1
505 521 1
505 523 1
505 525 -1
506 514 -1
506 519 1
506 521 -1
507 522 1
507 523 -1
507 2503 1
507 2504 -1
508 509 -1
508 513 -1
508 516 1
508 517 -1
508 518 1
508 2504 1
509 521 -1
509 2501 1
510 516 1
510 2504 1
511 513 -1
511 518 1
511 525 1
511 2501 1
511 2502 -1
512 522 -1
512 525 1
512 2502 1
512 2504 -1
514 522 -1
514 2502 1
514 2504 -1
515 516 -1
515 517 1
515 520 -1
517 2502 -1
518 521 1
518 523 1
519 524 -1
519 2505 1
520 2501 -1
520 2502 1
520 2503 1
523 2505 -1
525 2501 -1
525 2505 1
526 542 -1
526 544 1
526 548 1
526 549 1
526 2502 -1
526 2504 1
526 2505 1
527 529 1
527 530 1
527 541 -1
527 545 -1
527 546 1
527 550 -1
527 2504 -1
528 539 -1
528 2501 -1
529 531 1
529 535 -1
529 540 1
529 549 1
530 536 -1
530 537 -1
530 550 -1
530 2503 -1
531 532 -1
531 535 -1
531 545 1
531 2505 1
532 537 1
532 542 -1
532 550 1
532 2501 1
533 540 -1
533 545 1
533 550 1
534 536 -1
534 548 -1
534 2504 1
534 2505 -1
535 536 1
535 539 1
535 546 1
535 548 -1
535 2501 1
535 2502 -1
536 537 1
536 541 1
537 540 -1
537 545 -1
537 2502 1
537 2505 1
538 539 -1
538 545 -1
538 548 -1
538 549 1
538 2504 1
539 541 -1
539 543 1
539 549 1
539 550 1
539 2502 -1
539 2505 1
540 2504 1
542 547 -1
542 549 -1
543 548 -1
543 2502 -1
545 546 -1
545 547 -1
546 549 1
546 2504 -1
547 549 -1
547 2501 1
548 2502 -1
548 2504 -1
549 2502 -1
551 561 1
551 568 1
551 2505 -1
552 562 1
552 2503 -1
552 2504 -1
552 2505 -1
553 555 -1
553 558 1
553 568 -1
553 2501 -1
553 2502 -1
554 555 -1
554 561 -1
554 562 -1
554 572 -1
554 575 -1
554 2503 -1
555 560 -1
555 561 -1
555 563 -1
555 567 1
555 569 1
555 2504 -1
556 563 -1
556 565 1
556 566 -1
556 2503 -1
557 571 -1
557 572 1
557 2503 -1
558 559 1
558 561 -1
558 563 1
558 572 -1
558 2502 -1
559 561 -1
559 563 1
559 572 -1
560 561 -1
560 562 1
560 2505 -1
561 572 -1
561 574 -1
561 2501 -1
562 567 1
562 2502 1
563 566 -1
564 2501 1
565 568 1
565 574 -1
565 2503 -1
566 570 -1
566 2503 1
566 2504 -1
567 571 -1
567 572 -1
568 575 1
568 2503 1
568 2504 1
568 2505 1
569 573 1
569 2505 -1
570 571 1
570 573 -1
570 2503 -1
572 573 -1
572 2502 1
572 2503 1
575 2503 1
576 577 1
576 593 -1
576 597 -1
576 598 -1
576 599 -1
576 2501 1
576 2502 -1
576 2505 -1
577 580 1
577 583 -1
577 589 1
577 590 1
577 596 1
577 598 -1
577 2502 -1
577 2504 -1
578 581 1
578 2501 -1
579 589 1
579 593 -1
579 598 1
579 2502 1
579 2503 -1
580 585 -1
580 594 1
580 2502 -1
581 584 1
581 592 -1
581 595 1
581 596 -1
581 599 1
581 600 1
582 586 1
582 597 1
583 591 -1
583 2503 1
583 2505 1
584 586 -1
584 2505 -1
585 591 1
585 595 -1
585 2501 1
585 2505 1
586 2505 -1
587 599 1
587 600 -1
588 594 -1
588 595 -1
588 2503 -1
589 2502 1
589 2503 -1
590 593 -1
590 597 1
590 2505 -1
591 592 -1
591 596 -1
591 597 1
591 2504 1
592 595 -1
592 598 -1
592 2503 1
592 2505 -1
593 598 -1
594 596 1
594 599 1
594 2501 -1
594 2503 1
594 2504 1
594 2505 1
595 2501 1
595 2502 1
596 598 1
596 2502 -1
596 2505 -1
597 2502 1
597 2504 1
597 2505 1
598 2505 1
599 2501 1
600 2503 1
600 2505 -1
601 605 -1
601 613 -1
601 618 1
601 621 1
601 624 -1
601 2502 1
601 2503 1
602 603 -1
602 606 1
602 608 1
602 615 -1
602 623 -1
602 624 1
602 2501 -1
603 611 1
603 616 -1
603 2505 -1
604 609 -1
604 613 -1
604 615 1
604 616 -1
604 623 1
604 2501 -1
604 2504 -1
605 611 -1
605 612 -1
605 622 1
605 2501 -1
605 2504 -1
606 610 -1
606 612 1
606 613 -1
606 614 -1
606 615 1
606 617 1
606 624 -1
606 2503 -1
606 2504 1
607 612 1
608 609 -1
608 611 -1
608 622 1
608 623 1
609 621 -1
609 625 1
610 2504 1
611 617 1
611 2502 1
612 620 -1
612 2502 -1
613 616 -1
613 617 1
613 622 -1
613 2503 1
614 615 1
614 616 -1
614 620 1
614 2505 1
615 621 1
615 622 1
615 2503 1
616 622 -1
616 623 -1
617 2502 -1
618 620 -1
618 2503 -1
618 2504 -1
619 2502 -1
619 2503 -1
621 622 1
621 2502 -1
622 2501 -1
625 2501 1
625 2502 1
626 638 -1
626 645 -1
626 648 1
627 628 1
627 644 1
627 649 -1
627 2502 1
628 634 -1
628 642 -1
628 2502 -1
628 2505 -1
629 630 1
629 640 1
629 643 1
629 2501 -1
630 647 1
630 2502 -1
631 639 -1
631 644 1
631 2502 -1
631 2504 1
632 639 -1
632 643 1
633 642 -1
633 646 1
633 2504 1
634 2503 -1
634 2504 1
634 2505 1
635 641 1
635 648 -1
635 650 -1
635 2502 -1
636 637 -1
636 638 -1
636 639 -1
636 646 -1
636 2503 1
636 2505 1
637 639 -1
637 645 1
637 2503 1
638 2502 1
639 644 1
639 645 -1
639 647 -1
639 650 -1
639 2503 1
640 642 -1
640 643 -1
640 644 1
640 647 1
640 649 -1
640 2504 1
642 2505 1
643 650 1
643 2503 1
644 647 1
644 650 1
645 647 -1
647 2501 1
647 2502 1
647 2503 1
647 2504 -1
647 2505 1
651 656 -1
651 658 1
651 661 1
651 666 -1
651 670 -1
651 672 1
651 673 1
652 653 1
652 663 1
653 654 -1
653 658 1
653 669 1
653 670 1
653 2505 -1
654 671 -1
654 2502 1
654 2505 1
655 664 -1
655 667 -1
655 669 1
655 670 1
655 674 -1
655 2502 1
655 2503 1
656 663 -1
656 668 -1
656 669 -1
656 674 -1
656 2503 1
657 665 1
658 669 1
658 672 1
658 2501 -1
659 661 -1
659 667 1
659 672 -1
659 2505 -1
660 665 -1
660 670 -1
660 2502 -1
661 670 1
661 673 1
661 2505 1
662 2502 -1
663 665 -1
663 668 -1
663 672 -1
663 673 1
663 675 -1
664 667 1
664 2501 -1
664 2505 -1
665 666 -1
666 668 -1
667 669 -1
667 2505 -1
668 2501 -1
668 2503 1
669 674 1
671 2501 1
671 2502 1
671 2503 -1
671 2504 1
672 2503 1
672 2505 -1
673 2501 1
674 2501 1
674 2503 -1
674 2504 -1
675 2501 -1
675 2502 1
675 2505 1
676 685 -1
676 698 1
676 699 -1
676 2503 -1
676 2504 -1
677 685 1
677 688 -1
677 690 -1
677 691 1
677 699 -1
677 2504 1
677 2505 1
678 679 -1
678 687 -1
678 693 -1
678 694 1
678 695 1
678 696 -1
679 680 1
679 681 1
679 694 1
679 698 -1
679 2501 -1
680 686 -1
680 690 1
681 683 -1
681 684 -1
681 685 -1
681 687 1
681 2503 -1
682 683 -1
682 691 1
682 695 1
682 698 1
682 2501 -1
683 687 -1
683 690 -1
683 693 1
683 697 1
684 686 -1
684 687 1
684 700 -1
685 694 -1
685 697 1
686 689 1
686 693 1
686 699 1
686 2504 1
687 2503 -1
688 2502 1
688 2503 1
689 695 1
689 699 1
690 692 1
690 698 1
691 693 1
691 698 1
691 2501 1
691 2505 -1
692 700 1
692 2504 1
692 2505 1
693 697 1
693 2503 1
694 2505 -1
696 700 1
697 698 -1
697 2501 -1
699 2502 -1
700 2502 -1
700 2503 1
702 2503 1
703 705 1
703 714 -1
703 718 -1
703 721 -1
703 722 -1
704 706 -1
704 708 -1
704 712 1
704 720 1
705 710 -1
705 724 1
706 713 -1
706 717 -1
706 720 -1
706 723 1
706 724 1
707 710 -1
707 711 -1
707 714 -1
707 716 -1
707 717 1
707 720 1
707 2501 1
708 715 1
708 719 -1
708 2503 1
708 2504 1
709 711 -1
709 724 -1
709 2504 -1
711 717 -1
711 719 1
711 720 1
711 2502 -1
711 2504 1
712 715 -1
712 717 -1
712 718 1
713 716 1
713 719 1
713 722 -1
713 2505 1
714 722 -1
714 724 -1
715 2503 -1
716 722 1
716 2503 -1
717 2504 1
718 719 -1
718 721 1
718 2504 -1
719 723 1
719 2503 -1
719 2504 -1
720 723 1
720 724 1
724 725 1
725 2504 -1
726 730 1
726 733 1
726 735 1
726 738 -1
726 740 1
726 745 -1
726 2501 -1
727 730 -1
727 733 -1
727 734 -1
727 743 -1
727 746 -1
727 749 -1
727 2501 -1
728 733 1
728 748 -1
728 2504 1
729 733 1
729 736 -1
729 746 1
729 749 1
729 750 -1
729 2505 -1
730 731 -1
730 740 1
731 735 1
731 738 -1
731 2505 1
732 741 1
732 2502 -1
732 2505 1
733 734 1
733 735 1
733 744 1
733 750 1
734 736 -1
734 739 1
734 742 1
734 744 -1
734 745 1
734 750 -1
734 2504 1
736 742 -1
737 740 -1
737 747 -1
737 750 -1
737 2502 1
739 744 -1
739 747 -1
740 745 -1
740 2501 -1
740 2505 -1
741 742 1
741 743 -1
741 746 -1
742 748 1
742 2502 1
742 2505 1
744 746 1
744 2501 1
744 2502 -1
745 746 -1
745 748 1
746 2505 1
747 748 1
747 749 1
747 750 1
747 2504 -1
748 2502 1
748 2504 -1
749 2502 -1
749 2503 1
749 2505 1
751 760 1
751 770 -1
751 773 -1
751 775 -1
752 761 -1
752 763 1
752 764 1
752 765 1
752 766 -1
752 770 1
753 2503 -1
754 762 1
754 767 1
754 773 -1
754 775 1
755 756 -1
755 761 -1
755 767 -1
756 762 1
756 767 -1
757 762 -1
757 764 -1
757 767 1
757 769 1
757 774 -1
757 2503 -1
758 772 -1
758 775 -1
758 2502 1
758 2505 1
759 761 -1
759 2502 -1
760 772 -1
760 775 -1
760 2501 -1
760 2502 1
760 2504 -1
760 2505 1
761 768 1
761 771 -1
761 773 1
761 2501 -1
761 2502 1
761 2505 1
762 767 1
762 770 -1
762 2501 1
764 766 1
764 2502 -1
764 2503 -1
765 770 1
765 773 -1
765 2501 1
765 2502 -1
766 2503 -1
767 2505 1
768 773 1
769 2502 -1
770 775 -1
771 772 1
773 2503 -1
774 775 -1
774 2502 -1
774 2505 1
775 2501 -1
776 778 -1
776 779 1
776 785 1
776 788 -1
776 798 -1
776 2505 1
777 779 1
777 781 1
777 789 -1
778 789 -1
778 792 -1
778 800 1
778 2503 -1
778 2505 1
779 785 1
779 786 1
779 789 -1
779 792 -1
779 794 1
779 2505 1
780 798 1
781 783 1
781 785 1
781 788 1
781 789 -1
781 799 -1
781 800 -1
781 2501 -1
782 785 1
782 790 -1
782 2501 1
783 797 -1
784 792 1
784 799 1
785 800 -1
786 797 1
786 2504 -1
787 795 1
787 2505 1
788 791 -1
788 793 -1
788 794 -1
788 798 1
788 2504 -1
789 793 -1
789 795 1
789 798 -1
790 798 1
792 794 1
792 797 1
792 798 1
792 2502 -1
794 2502 -1
795 2505 1
796 798 -1
796 799 -1
796 800 1
796 2502 1
797 798 -1
797 2505 -1
798 2501 -1
798 2502 1
798 2503 -1
799 2501 1
799 2505 1
801 803 -1
801 805 -1
801 806 1
801 816 1
802 804 1
802 809 1
802 816 1
802 821 -1
802 825 1
803 819 -1
803 821 -1
803 2501 1
804 812 1
804 815 1
804 817 -1
804 823 -1
805 813 1
805 2504 -1
806 808 -1
806 817 -1
806 2505 1
807 817 -1
807 818 1
807 824 1
807 2501 -1
808 811 1
808 812 1
808 815 1
808 816 1
809 815 -1
809 2501 1
809 2503 -1
810 813 1
810 816 1
810 820 -1
810 2502 1
811 816 1
811 2504 1
812 814 -1
812 816 -1
812 825 1
812 2501 1
812 2505 1
813 820 -1
813 821 -1
813 822 -1
813 2503 1
814 821 -1
814 824 1
814 2502 1
815 816 1
815 820 -1
815 2503 -1
815 2504 -1
816 2502 1
816 2505 1
817 821 -1
817 823 1
817 2504 1
818 822 1
818 824 -1
818 825 -1
818 2504 -1
819 822 -1
819 2501 1
819 2502 -1
820 825 -1
820 2501 1
821 2502 -1
822 823 -1
823 2503 -1
825 2501 -1
825 2502 -1
826 827 1
826 835 -1
826 841 1
826 848 -1
827 831 -1
827 833 -1
827 835 1
828 834 -1
828 840 1
828 843 -1
828 847 1
828 848 -1
828 850 1
828 2505 -1
829 835 -1
829 844 -1
829 2505 -1
830 845 -1
830 849 -1
830 2503 -1
830 2505 1
831 836 1
831 839 1
831 850 -1
831 2503 -1
832 847 1
832 848 1
832 2501 -1
832 2503 -1
833 837 -1
833 847 1
833 849 -1
833 2503 -1
833 2505 1
834 837 -1
834 2501 1
834 2504 -1
835 836 1
835 2504 1
836 2503 1
836 2505 1
837 840 1
837 2503 -1
838 845 1
838 2504 -1
839 841 -1
839 847 -1
839 2504 -1
840 842 -1
840 845 1
840 847 1
840 850 -1
841 847 1
841 2505 1
842 2505 1
843 848 -1
843 849 1
843 2501 -1
844 847 -1
844 2505 1
845 846 -1
846 2505 1
848 2503 -1
848 2504 -1
849 2501 1
849 2504 -1
851 852 1
851 855 1
851 858 -1
851 859 -1
851 868 -1
851 872 1
851 2504 1
852 857 -1
852 864 -1
852 865 -1
852 868 1
852 873 -1
852 2502 -1
852 2503 1
852 2505 1
853 857 1
853 859 -1
855 866 -1
855 867 1
855 869 1
855 2502 -1
855 2503 1
856 859 1
856 866 -1
856 868 1
856 870 -1
857 858 -1
857 872 1
857 2505 1
858 866 1
858 872 1
858 2505 1
859 860 -1
859 861 -1
859 864 1
859 867 -1
859 872 -1
859 2502 1
859 2503 1
859 2505 1
860 863 -1
861 870 1
862 871 1
862 873 -1
862 874 1
862 2504 -1
863 2503 1
864 868 1
864 2502 -1
864 2503 1
864 2505 1
865 872 1
865 2505 1
866 2503 -1
867 875 -1
867 2501 1
868 870 1
868 871 1
868 875 1
869 873 1
869 874 1
869 2504 -1
870 874 1
870 2501 1
870 2502 1
870 2504 -1
870 2505 -1
871 874 -1
871 2502 1
872 873 1
872 874 -1
872 875 -1
872 2504 1
874 875 1
874 2504 -1
876 877 -1
876 2501 -1
876 2502 1
876 2503 -1
877 880 -1
877 893 -1
877 900 -1
878 888 1
879 882 -1
879 894 1
879 897 -1
879 2502 -1
880 2505 1
881 891 1
881 893 1
881 894 -1
881 896 -1
881 898 -1
881 2503 1
882 887 1
882 888 1
882 895 1
882 899 -1
882 2501 -1
882 2502 1
883 890 -1
884 887 -1
885 890 -1
885 2501 1
885 2503 -1
886 889 -1
886 893 1
886 897 1
886 898 -1
886 2501 -1
886 2504 -1
887 891 1
887 894 -1
887 2501 1
887 2502 1
889 893 1
889 895 1
889 896 1
889 2502 -1
889 2504 1
889 2505 1
890 898 1
890 2505 1
891 895 -1
891 2501 1
891 2503 1
891 2504 -1
892 894 -1
892 2505 -1
893 2501 1
893 2503 -1
894 896 1
894 2502 1
897 899 -1
897 2503 1
898 2501 1
899 2504 -1
901 902 1
901 920 1
901 2502 1
901 2503 1
902 903 -1
902 906 1
902 908 1
902 912 -1
902 2501 1
902 2502 -1
902 2503 1
903 914 1
903 919 -1
903 2501 1
904 909 1
904 913 -1
904 925 -1
904 2503 1
904 2505 -1
905 911 1
905 915 -1
905 916 1
905 918 1
905 925 -1
905 2502 -1
905 2504 1
906 908 1
906 2502 1
907 910 1
907 911 1
907 912 -1
907 924 -1
908 911 1
908 912 -1
908 915 1
908 920 1
908 924 1
908 2501 -1
909 914 1
909 916 -1
909 918 -1
909 925 -1
909 2501 1
909 2502 -1
909 2503 -1
911 924 1
912 922 1
913 2504 -1
914 916 -1
914 923 1
914 2501 1
914 2502 -1
914 2503 1
915 916 -1
915 2503 1
916 918 1
916 919 1
916 2505 -1
917 918 -1
917 923 1
917 2501 -1
918 924 1
918 925 -1
918 2504 -1
918 2505 1
919 921 1
919 923 1
919 2503 1
920 925 1
920 2504 -1
922 2501 -1
922 2503 1
923 924 1
923 2501 -1
923 2505 1
924 2502 1
924 2503 1
927 934 -1
927 943 -1
927 945 1
927 946 1
927 948 1
927 949 1
927 950 -1
928 930 1
928 933 -1
928 941 -1
928 946 1
929 932 -1
929 933 1
929 934 1
929 937 -1
929 2501 1
930 941 -1
930 946 -1
930 948 -1
930 950 -1
931 946 -1
931 2504 1
932 936 -1
932 948 -1
932 2502 1
932 2504 1
933 936 1
933 942 1
933 949 1
933 2502 -1
934 938 -1
934 940 -1
934 943 -1
934 950 1
934 2501 1
935 943 -1
935 945 -1
936 945 -1
936 950 -1
936 2501 -1
936 2504 1
937 938 -1
937 939 1
937 2501 -1
937 2505 1
938 947 1
939 944 -1
939 945 -1
939 949 -1
939 2502 1
940 948 1
940 2504 -1
941 943 1
941 944 -1
941 2503 1
942 948 1
942 2501 1
943 948 1
943 2505 1
944 2501 1
944 2504 1
945 946 1
945 948 1
946 2502 1
948 2503 -1
949 2503 1
950 2503 -1
950 2504 1
950 2505 1
951 954 1
951 956 -1
951 960 1
951 963 -1
951 964 -1
951 975 1
952 953 1
952 957 -1
952 959 1
952 963 1
952 966 -1
952 967 -1
952 968 1
952 2501 -1
952 2504 1
954 960 1
954 965 -1
954 966 -1
954 970 1
954 975 -1
954 2503 1
954 2505 -1
955 957 1
955 960 -1
955 968 1
955 971 1
955 974 1
956 958 -1
956 966 -1
956 973 1
956 2503 1
957 962 -1
957 964 -1
957 968 -1
957 971 -1
958 961 1
958 969 1
958 972 1
958 973 1
958 2505 1
959 970 -1
959 972 1
959 973 -1
960 962 1
960 968 -1
960 970 -1
960 2504 -1
961 968 1
961 2503 1
961 2505 1
962 964 -1
962 965 1
962 966 -1
962 968 1
962 970 1
962 974 1
962 2501 -1
962 2502 1
962 2504 1
962 2505 1
963 968 -1
963 2503 1
963 2504 -1
964 968 1
964 970 1
964 972 1
964 974 1
964 2505 -1
965 968 -1
965 971 -1
965 973 -1
965 974 1
965 2505 -1
966 970 -1
966 971 1
966 2502 -1
966 2505 1
967 973 1
967 974 -1
967 2501 1
968 972 1
968 2501 1
968 2505 -1
970 972 -1
971 2505 -1
972 2504 1
972 2505 -1
973 2503 1
973 2505 1
976 981 -1
976 983 1
976 986 -1
976 988 1
976 989 -1
976 998 1
976 2503 -1
977 978 1
977 984 -1
977 2505 -1
978 984 1
979 983 1
979 984 -1
979 988 -1
979 997 -1
979 998 1
979 2502 -1
979 2503 1
980 994 -1
980 2502 1
980 2505 1
981 984 1
981 986 -1
981 991 -1
981 997 -1
982 989 -1
982 997 -1
982 999 -1
982 1000 1
982 2503 1
983 989 -1
983 993 1
983 2501 1
983 2502 1
983 2503 1
984 986 -1
984 988 -1
984 996 1
984 999 1
985 988 -1
985 989 -1
985 995 1
985 2502 -1
986 992 -1
986 2501 -1
986 2505 -1
987 988 1
987 997 -1
988 990 1
988 994 -1
988 998 1
988 999 -1
988 2502 1
988 2504 -1
988 2505 1
989 994 -1
989 1000 1
989 2501 1
990 2504 -1
991 993 1
991 994 -1
991 997 1
991 2504 -1
992 2503 1
993 995 1
993 2502 1
993 2503 1
995 999 -1
996 999 1
996 2502 1
997 2505 1
998 999 1
998 1000 -1
998 2502 1
998 2504 1
998 2505 1
999 2503 -1
999 2504 -1
1000 2504 -1
1001 1015 1
1001 1016 1
1001 1020 -1
1002 1014 1
1002 1019 -1
1002 1021 -1
1002 2503 -1
1003 1016 -1
1003 1020 -1
1004 1023 1
1005 1008 -1
1005 1009 -1
1005 1014 -1
1005 1017 1
1005 2504 -1
1005 2505 1
1006 1009 1
1006 1024 -1
1007 1024 -1
1007 2502 1
1007 2504 1
1007 2505 -1
1008 1010 1
1008 1013 1
1008 1025 1
1008 2503 -1
1008 2504 -1
1009 1013 -1
1009 1019 1
1010 1012 -1
1010 1018 -1
1010 1022 -1
1010 2503 -1
1011 1012 -1
1011 1016 1
1011 1017 -1
1011 2501 1
1011 2502 -1
1012 1013 -1
1012 1016 1
1012 1019 1
1012 1020 -1
1012 1022 1
1012 1023 -1
1012 2501 1
1012 2505 -1
1013 1014 1
1013 1024 1
1014 1017 1
1014 1025 -1
1015 1024 -1
1015 2504 -1
1017 1019 1
1017 2503 1
1018 1021 -1
1019 1022 1
1019 1023 -1
1019 2502 -1
1019 2503 -1
1020 2502 -1
1020 2505 1
1021 1023 1
1021 2502 1
1026 1049 1
1026 2503 -1
1027 1033 1
1027 1035 -1
1027 1036 -1
1027 1042 -1
1027 1043 1
1027 2502 1
1027 2505 -1
1028 1030 -1
1028 1034 -1
1028 1041 1
1028 2501 -1
1028 2503 1
1028 2505 1
1029 1034 -1
1029 1035 -1
1029 1036 1
1029 1038 1
1029 1046 -1
1029 1049 1
1029 2504 -1
1030 1034 -1
1030 2503 1
1031 1035 1
1031 1038 1
1031 1040 -1
1031 1049 1
1032 1038 1
1032 1042 -1
1032 1043 1
1032 1045 1
1033 1037 1
1033 1038 -1
1033 1045 -1
1033 1047 1
1033 1048 -1
1033 2503 1
1033 2504 -1
1034 1044 -1
1034 2501 -1
1034 2503 -1
1035 1040 -1
1035 1045 1
1035 1048 1
1036 1040 -1
1036 2503 1
1037 1038 -1
1038 1045 1
1039 1048 1
1041 1042 -1
1041 1044 -1
1041 1046 1
1041 2502 -1
1041 2503 1
1042 1043 1
1042 2501 -1
1043 2505 -1
1045 1048 -1
1045 2505 1
1047 1048 -1
1048 2501 1
1051 1053 -1
1051 1054 1
1051 1058 1
1051 1070 1
1051 1073 -1
1052 1060 -1
1052 1063 1
1052 1065 1
1052 1070 1
1053 2501 -1
1053 2503 1
1053 2505 -1
1054 1055 -1
1054 1061 1
1054 1066 -1
1054 1068 1
1054 1072 -1
1055 1057 -1
1055 1066 1
1055 2503 1
1055 2504 1
1056 1061 1
1056 1062 -1
1056 1064 -1
1056 2503 -1
1057 1064 -1
1057 1066 -1
1057 2501 1
1057 2502 1
1058 1061 -1
1058 1064 1
1058 1065 -1
1058 1067 1
1058 1071 1
1058 2502 -1
1058 2505 1
1059 1060 -1
1059 1070 -1
1060 1062 -1
1060 1070 1
1060 2503 -1
1060 2504 1
1061 1063 -1
1061 1065 -1
1061 1066 1
1061 1069 1
1061 1073 1
1061 1075 1
1061 2505 -1
1062 1064 -1
1062 1074 1
1062 2501 1
1062 2503 1
1063 1064 1
1063 1069 -1
1063 1073 -1
1063 2502 -1
1064 1067 1
1064 2503 1
1065 2505 -1
1067 2502 1
1067 2503 1
1067 2505 1
1069 1074 -1
1069 2501 1
1070 1072 -1
1071 2503 1
1073 2501 1
1073 2503 -1
1073 2504 1
1074 1075 -1
1076 1082 1
1076 1087 -1
1076 1089 -1
1076 1092 1
1076 1097 -1
1076 2501 -1
1076 2505 -1
1077 1090 -1
1077 1091 -1
1078 1082 1
1078 1085 1
1078 1093 1
1079 1087 -1
1079 1093 1
1079 1094 1
1079 2502 -1
1080 1081 -1
1080 1094 1
1081 1085 -1
1081 1087 -1
1081 1090 -1
1081 1093 1
1082 1085 -1
1082 1087 -1
1082 1096 1
1082 1097 1
1082 2504 1
1082 2505 -1
1083 1084 1
1083 1085 -1
1083 1089 -1
1083 1090 -1
1083 1097 1
1083 1099 -1
1083 1100 -1
1083 2501 -1
1083 2503 1
1084 1088 1
1084 2501 -1
1084 2504 -1
1085 1096 -1
1085 1099 -1
1085 2504 1
1086 1087 -1
1086 1092 1
1086 1099 -1
1086 2503 1
1087 1089 -1
1087 1096 1
1088 1098 1
1088 1100 -1
1088 2501 1
1089 1090 -1
1089 1093 1
1089 1097 1
1089 2503 -1
1090 2503 1
1090 2504 1
1091 1096 1
1091 1099 1
1091 2501 -1
1091 2504 -1
1092 1095 1
1092 2504 -1
1093 1097 1
1093 1098 -1
1093 2501 1
1093 2502 1
1094 1097 1
1095 2501 -1
1095 2504 1
1098 2501 1
1098 2503 1
1099 2502 -1
1099 2503 1
1100 2502 1
1101 1108 -1
1101 1109 -1
1101 1115 1
1101 2502 1
1101 2503 1
1101 2504 -1
1102 1116 -1
1102 1121 -1
1102 1124 -1
1102 2504 -1
1103 1108 1
1103 1115 1
1103 1121 -1
1103 2502 -1
1103 2503 -1
1103 2505 1
1104 1108 1
1104 1110 1
1105 1106 -1
1105 1111 -1
1105 1114 -1
1105 2504 1
1106 1109 -1
1106 2505 -1
1107 1110 -1
1107 1111 -1
1107 1112 -1
1107 1125 -1
1108 1111 1
1109 1118 -1
1109 2504 1
1110 1111 1
1110 1119 1
1110 2502 1
1111 1125 -1
1111 2505 1
1112 1114 -1
1112 1118 1
1112 1120 1
1112 1122 -1
1112 2501 -1
1113 1115 -1
1113 1116 -1
1113 1118 -1
1113 1122 1
1113 1123 1
1113 2501 1
1114 1116 1
1115 1116 1
1115 2503 1
1116 1118 1
1116 2504 -1
1117 1125 -1
1117 2504 1
1117 2505 -1
1118 1121 1
1118 2501 1
1119 1123 -1
1120 1124 1
1122 1124 1
1122 2504 1
1122 2505 1
1123 2503 1
1124 2501 1
1125 2502 1
1126 1131 -1
1126 1144 -1
1127 1128 -1
1127 1129 -1
1127 1134 -1
1127 1137 -1
1127 1138 1
1127 1144 -1
1127 1149 -1
1127 2501 1
1128 1131 -1
1128 1132 -1
1128 1133 -1
1128 1135 1
1128 1138 1
1128 1142 -1
1128 1144 -1
1128 1147 1
1128 2501 1
1128 2503 1
1129 1134 -1
1129 1135 -1
1129 1139 1
1129 1145 -1
1129 1147 -1
1130 1131 1
1130 1132 -1
1130 1133 -1
1130 1139 1
1130 1140 -1
1130 1144 1
1131 1133 -1
1131 1135 1
1131 1136 -1
1131 1147 -1
1131 1148 1
1132 1138 1
1132 1140 1
1132 1141 1
1132 1142 1
1132 1149 1
1132 2501 1
1132 2503 -1
1132 2505 1
1133 1142 1
1133 1143 -1
1134 1135 1
1134 1139 -1
1134 1144 -1
1134 1145 1
1134 1147 1
1134 2502 1
1135 1148 -1
1135 2503 -1
1135 2505 1
1136 1150 1
1136 2504 -1
1137 1138 1
1137 1139 1
1137 1147 -1
1137 1149 1
1137 2501 -1
1137 2503 1
1137 2504 1
1138 1142 -1
1138 1144 -1
1138 1147 -1
1138 1148 1
1138 2501 1
1139 1145 -1
1139 1150 1
1139 2505 -1
1140 1141 1
1140 1145 -1
1140 1146 1
1141 1142 1
1141 1145 -1
1141 1147 -1
1141 2504 -1
1141 2505 1
1142 1144 -1
1142 1148 1
1142 1150 -1
1142 2502 -1
1143 1149 1
1143 2502 -1
1143 2504 -1
1143 2505 1
1144 1145 1
1144 1150 -1
1144 2501 1
1145 1146 -1
1145 1147 1
1145 1148 1
1146 1150 -1
1146 2503 1
1147 1150 1
1147 2502 -1
1148 1150 1
1148 2503 1
1149 2502 -1
1149 2503 -1
1149 2505 1
1150 2504 1
1151 1160 1
1151 1161 1
1152 1157 1
1152 1158 -1
1152 2504 1
1153 1161 -1
1153 1164 1
1153 1175 -1
1153 2501 1
1153 2502 1
1153 2504 1
1153 2505 1
1154 1156 1
1154 1162 -1
1154 1175 1
1154 2502 -1
1154 2503 1
1154 2504 1
1154 2505 -1
1155 1168 1
1155 2504 -1
1156 1167 1
1156 1174 -1
1156 1175 -1
1156 2503 -1
1156 2504 1
1157 1162 1
1157 1164 -1
1157 1169 1
1157 1171 -1
1157 1172 -1
1157 1175 1
1158 1167 -1
1158 1170 1
1158 1173 1
1158 2501 -1
1158 2503 -1
1158 2504 1
1159 1161 1
1159 1167 1
1160 1166 1
1160 1168 1
1160 1174 1
1160 2505 1
1161 1163 1
1162 1164 1
1162 1166 1
1162 1167 1
1162 1168 -1
1163 1164 -1
1163 1171 -1
1163 1174 1
1163 2501 -1
1163 2503 1
1163 2504 1
1163 2505 1
1165 1167 -1
1165 2503 -1
1166 1172 1
1167 1171 -1
1167 2501 1
1167 2502 -1
1169 1170 1
1170 2505 1
1171 1175 1
1171 2504 1
1172 2501 1
1173 2505 -1
1176 1177 1
1176 1180 1
1176 1194 -1
1176 1196 -1
1176 2502 1
1176 2505 -1
1177 1180 -1
1177 1181 1
1177 1185 1
1177 1186 -1
1177 1190 1
1177 2503 -1
1177 2504 1
1178 1187 -1
1178 1194 -1
1178 1195 -1
1178 1196 1
1178 1197 1
1178 2503 1
1178 2504 1
1178 2505 -1
1179 1182 -1
1179 1189 1
1179 1190 1
1179 1199 1
1180 1181 -1
1180 1186 1
1180 1187 -1
1180 1189 -1
1180 1194 -1
1180 1195 -1
1180 1198 1
1180 1200 1
1181 1183 -1
1181 2505 1
1182 1196 -1
1182 2501 1
1182 2502 1
1182 2503 1
1183 1184 1
1183 1191 1
1183 1193 1
1183 1200 -1
1183 2501 -1
1183 2505 1
1184 1187 -1
1184 2502 -1
1184 2504 1
1185 1187 1
1185 1192 -1
1185 1193 1
1185 1194 1
1185 2505 1
1186 1189 -1
1186 2503 1
1187 1191 1
1187 2502 1
1187 2503 -1
1188 1193 -1
1188 2502 1
1188 2503 1
1188 2504 1
1189 1192 -1
1189 2501 -1
1189 2502 1
1189 2503 -1
1190 2501 -1
1190 2503 -1
1190 2504 1
1191 1197 1
1191 2502 1
1192 1194 -1
1192 2504 -1
1193 1194 -1
1193 2502 1
1193 2504 1
1194 2503 1
1195 1200 -1
1195 2503 1
1195 2505 1
1196 1199 -1
1196 2503 1
1196 2504 -1
1197 2505 1
1198 2501 -1
1199 2504 -1
1200 2504 1
1200 2505 -1
1201 1207 1
1201 1208 -1
1201 1218 -1
1201 1225 -1
1202 1203 1
1202 1205 -1
1202 1215 -1
1202 1221 -1
1202 1222 -1
1202 2503 -1
1203 1206 1
1203 1207 -1
1203 1208 -1
1203 1216 1
1204 1211 1
1204 1224 -1
1205 1219 -1
1205 1225 1
1205 2505 1
1206 1212 -1
1206 1219 1
1206 1223 -1
1206 2501 1
1206 2502 -1
1207 1208 1
1207 1211 -1
1207 1218 -1
1208 1210 -1
1208 1211 -1
1208 1224 1
1208 2502 -1
1208 2504 -1
1209 1212 -1
1209 1214 -1
1209 1215 -1
1209 1222 1
1209 1225 1
1210 1213 1
1210 1214 -1
1210 1215 1
1210 2504 -1
1211 1223 1
1211 1225 1
1211 2501 1
1211 2504 -1
1211 2505 -1
1212 1214 -1
1212 1218 1
1212 2502 -1
1213 1214 -1
1213 1221 -1
1213 1222 -1
1213 1223 1
1213 2503 1
1214 1216 1
1214 1217 1
1214 1219 -1
1214 1224 1
1214 2501 1
1214 2504 -1
1215 1224 -1
1216 1225 -1
1216 2505 -1
1220 1222 1
1220 1223 1
1220 1225 1
1220 2502 1
1220 2503 1
1220 2504 -1
1222 1224 1
1222 2503 1
1223 1224 1
1223 2505 -1
1226 1232 1
1226 1235 -1
1226 1240 1
1226 1244 1
1226 1245 -1
1226 2505 -1
1227 1228 1
1227 1229 1
1227 2503 1
1228 1232 1
1228 1236 1
1228 1242 -1
1228 2503 1
1228 2505 1
1229 1234 1
1229 1236 -1
1229 1246 1
1230 1244 1
1230 1246 1
1230 2503 1
1231 1240 -1
1231 1245 1
1231 1247 1
1231 1249 -1
1232 1243 1
1232 1250 1
1232 2501 -1
1233 1237 -1
1233 1239 -1
1233 1241 1
1233 1243 -1
1233 1245 1
1233 1246 1
1233 1247 1
1234 1238 -1
1234 1242 1
1235 1237 -1
1236 1240 -1
1236 1243 1
1236 1244 1
1236 1249 1
1236 2504 1
1237 1241 1
1237 1242 -1
1237 1243 -1
1237 2505 -1
1238 1250 -1
1238 2501 1
1239 1240 -1
1239 1246 1
1239 2504 -1
1240 1248 1
1240 2504 -1
1240 2505 1
1241 1243 1
1241 2502 -1
1241 2505 -1
1242 1243 1
1242 1245 -1
1242 1250 1
1242 2501 1
1242 2503 -1
1243 1245 -1
1243 1249 -1
1243 1250 1
1243 2503 -1
1244 1250 1
1244 2502 -1
1244 2505 1
1245 1247 -1
1245 2504 1
1247 1248 -1
1248 1249 -1
1250 2501 -1
1250 2505 -1
1251 1256 1
1251 1264 1
1251 1266 1
1251 1267 -1
1252 1265 -1
1253 1273 1
1254 1269 -1
1254 1275 -1
1254 2504 1
1255 1257 1
1255 1275 1
1255 2505 -1
1256 1261 1
1256 1268 -1
1257 1259 -1
1257 1261 -1
1257 1264 -1
1257 1265 -1
1257 1268 -1
1257 1272 1
1258 1273 1
1258 2501 -1
1261 1264 1
1261 1265 1
1261 2505 1
1262 1265 1
1262 1271 -1
1262 1274 1
1262 2503 -1
1263 1267 1
1263 1269 1
1263 1270 -1
1264 1273 1
1264 2505 -1
1265 1271 -1
1265 2502 -1
1265 2503 1
1266 1270 1
1266 1271 -1
1266 2502 1
1266 2505 -1
1267 1269 -1
1267 1270 1
1268 1275 -1
1268 2504 -1
1270 2501 -1
1270 2503 -1
1270 2504 -1
1273 2501 -1
1273 2502 -1
1273 2503 -1
1274 2505 -1
1275 2502 -1
1275 2503 1
1275 2505 -1
1276 1279 1
1276 1281 -1
1276 1284 1
1276 1285 1
1276 1287 -1
1276 1293 -1
1276 1297 1
1277 1287 -1
1277 1288 -1
1277 1289 1
1277 1297 -1
1278 1280 -1
1278 1282 -1
1278 1286 -1
1278 1287 1
1278 1290 -1
1278 1296 1
1278 1299 1
1279 1281 1
1279 1284 -1
1279 1291 1
1279 2501 1
1279 2504 1
1280 1294 -1
1280 2504 1
1281 1285 -1
1281 1287 1
1281 1289 -1
1281 1290 1
1281 1295 -1
1281 2504 1
1281 2505 1
1282 1299 -1
1282 1300 -1
1283 1287 -1
1283 1290 1
1283 1299 1
1283 2501 1
1283 2504 1
1284 1286 1
1284 1288 -1
1284 1289 -1
1284 1293 1
1284 1294 1
1284 1299 -1
1284 2501 -1
1285 1288 1
1285 1297 1
1285 1299 -1
1286 1289 1
1286 1291 1
1286 1292 1
1286 1300 -1
1286 2503 1
1287 2503 -1
1288 1291 1
1288 1297 1
1288 2503 -1
1288 2504 -1
1289 1299 -1
1290 1292 1
1290 1299 -1
1290 1300 1
1290 2501 -1
1290 2502 -1
1290 2503 1
1290 2504 1
1291 1296 -1
1291 1298 -1
1291 1299 -1
1291 1300 -1
1291 2503 -1
1292 1294 -1
1292 1295 1
1292 1296 -1
1292 1300 1
1292 2501 1
1292 2504 1
1294 1300 -1
1295 2505 1
1296 1300 -1
1296 2501 -1
1298 1299 1
1298 2504 -1
1300 2504 -1
1301 1302 1
1301 1303 1
1301 1311 -1
1301 1322 -1
1301 2501 1
1301 2502 -1
1302 1311 1
1302 1314 -1
1302 1317 1
1302 1323 -1
1302 1325 -1
1303 1316 -1
1303 1318 1
1303 1323 1
1303 2501 -1
1303 2504 -1
1304 1306 1
1304 2501 1
1305 1310 1
1305 1316 1
1305 1322 -1
1305 1325 -1
1306 1309 -1
1306 1311 -1
1306 1324 1
1307 1309 1
1307 1313 -1
1307 1314 -1
1307 2503 -1
1307 2505 -1
1308 1310 -1
1308 1318 -1
1308 2503 1
1309 2504 1
1310 1314 -1
1310 1319 -1
1310 1320 -1
1310 2501 1
1311 1313 -1
1311 1317 1
1312 1313 1
1312 1318 1
1312 1319 1
1312 1320 -1
1312 1322 1
1313 1318 -1
1313 1324 1
1313 2504 1
1314 1322 1
1314 1325 1
1314 2505 -1
1315 1317 1
1315 1321 -1
1315 1325 1
1315 2504 -1
1315 2505 -1
1316 1317 -1
1316 2502 -1
1317 1321 -1
1317 1322 1
1318 1320 -1
1318 2502 -1
1318 2505 -1
1319 1322 -1
1319 1325 -1
1319 2504 1
1320 1325 1
1320 2502 -1
1320 2503 1
1321 1324 -1
1321 1325 1
1321 2503 1
1323 1324 -1
1323 2503 1
1324 2502 -1
1324 2503 -1
1324 2504 -1
1325 2502 -1
1326 1327 1
1326 1331 -1
1326 1338 1
1326 1347 -1
1326 2502 1
1326 2503 1
1328 1329 -1
1328 1334 1
1328 1346 -1
1328 2503 -1
1328 2505 1
1329 1332 1
1329 1334 1
1329 1337 1
1329 1339 -1
1329 1340 -1
1330 1335 1
1330 1338 -1
1330 1339 1
1330 1344 -1
1330 1348 -1
1331 1335 -1
1331 1339 1
1331 1345 -1
1331 2504 1
1331 2505 -1
1332 1338 1
1332 1342 1
1332 1348 1
1333 1344 -1
1333 2503 -1
1334 1339 -1
1334 2503 1
1335 1338 -1
1335 1339 1
1335 1342 -1
1335 1343 -1
1335 2501 -1
1336 1343 -1
1336 1344 1
1336 1347 1
1336 2501 1
1336 2502 -1
1337 1340 1
1337 1348 1
1337 1349 1
1337 2505 -1
1338 1341 1
1339 1340 1
1339 2504 1
1340 1344 -1
1340 1348 1
1340 1350 1
1340 2501 1
1341 1347 -1
1341 2501 -1
1341 2503 -1
1341 2504 -1
1342 1350 1
1342 2501 1
1343 1350 1
1344 2504 1
1344 2505 1
1346 1348 1
1346 2501 1
1346 2503 1
1347 1348 -1
1347 1350 1
1347 2504 -1
1348 1349 -1
1348 1350 1
1348 2505 -1
1350 2502 -1
1351 1363 -1
1351 1367 1
1351 1368 1
1351 1369 -1
1351 1373 1
1351 1375 1
1351 2502 1
1351 2503 -1
1351 2505 1
1352 1358 1
1352 1369 1
1352 1371 1
1352 1373 -1
1352 2505 -1
1353 1356 1
1353 1367 1
1353 1369 -1
1354 1357 -1
1354 1371 1
1355 2502 1
1355 2503 -1
1355 2504 -1
1356 1360 1
1356 1371 1
1356 1372 -1
1356 1373 -1
1356 1374 1
1356 2504 1
1357 1366 -1
1357 1369 1
1357 1370 1
1357 1375 1
1358 1360 1
1358 1362 1
1358 1373 -1
1358 1374 1
1358 2502 1
1358 2505 1
1359 1364 -1
1359 1365 1
1359 1371 -1
1359 1372 1
1359 1374 1
1359 2501 -1
1359 2503 -1
1359 2504 -1
1360 1362 -1
1360 1371 -1
1361 1367 -1
1361 1370 1
1361 1371 -1
1361 2503 1
1361 2505 1
1362 1370 1
1362 2502 1
1363 1372 -1
1363 2502 -1
1364 2501 1
1364 2502 1
1365 1366 1
1365 1367 1
1365 1371 1
1365 2504 -1
1366 1370 1
1366 1372 1
1366 1373 -1
1366 2501 1
1367 1370 1
1367 1372 1
1367 1373 1
1367 2502 -1
1367 2504 1
1367 2505 -1
1368 1373 -1
1368 1375 -1
1368 2501 1
1369 1370 1
1369 1371 1
1369 1374 1
1369 2504 1
1370 1375 -1
1370 2502 1
1371 2501 -1
1372 1373 1
1372 2502 -1
1373 2502 -1
1374 1375 -1
1374 2501 -1
1376 1377 -1
1376 1379 1
1376 1394 1
1376 2501 1
1376 2503 1
1377 1380 1
1377 1383 -1
1377 1391 1
1377 1392 1
1377 1395 -1
1377 1397 1
1377 2501 1
1377 2505 1
1378 1379 1
1378 1381 -1
1378 1383 -1
1378 1390 1
1378 1394 1
1378 1395 -1
1378 1396 -1
1378 1400 -1
1379 1385 1
1379 2501 -1
1379 2502 -1
1380 1396 1
1381 1390 1
1381 1396 1
1381 1397 -1
1381 1400 1
1381 2502 -1
1382 1390 -1
1382 1393 1
1382 2504 1
1383 1390 -1
1383 1394 1
1383 2504 1
1384 1387 -1
1384 1394 1
1384 2503 -1
1384 2505 -1
1385 1386 -1
1385 1387 -1
1385 1393 -1
1385 1398 1
1385 1399 -1
1386 1398 1
1386 2501 -1
1387 1395 1
1387 2504 1
1388 1390 -1
1388 1398 -1
1388 1400 1
1388 2501 1
1389 1395 1
1389 2503 1
1390 1394 -1
1390 1395 -1
1390 1400 -1
1391 1393 -1
1392 2501 -1
1393 1394 -1
1393 1396 1
1393 1398 1
1393 1399 -1
1393 2504 1
1394 1395 -1
1394 1397 1
1394 1399 -1
1396 1399 1
1396 2503 1
1396 2505 1
1398 1400 1
1398 2503 -1
1399 1400 1
1399 2502 1
1399 2503 1
1399 2504 1
1400 2501 -1
1400 2504 1
1401 1405 1
1401 1409 1
1401 1410 -1
1401 1413 1
1401 1416 1
1402 1406 -1
1402 1413 -1
1402 2504 1
1403 1405 1
1403 1407 -1
1404 1413 -1
1404 1418 -1
1405 1412 -1
1405 1414 1
1405 1418 1
1405 2503 -1
1406 1413 1
1406 1416 -1
1406 1420 -1
1406 2501 1
1406 2502 1
1407 1424 1
1407 1425 1
1407 2503 1
1408 1414 -1
1408 1420 1
1408 1421 -1
1409 1412 1
1409 1423 1
1410 1420 1
1410 1423 -1
1410 1424 -1
1410 2502 1
1411 1417 1
1411 1421 1
1411 2502 1
1412 1425 1
1412 2503 -1
1412 2504 1
1412 2505 1
1413 1420 1
1414 1416 1
1415 1424 1
1415 2502 -1
1415 2505 -1
1416 1421 1
1417 1421 1
1417 1422 1
1417 1425 -1
1418 1424 1
1418 1425 1
1418 2501 1
1418 2503 1
1418 2505 1
1420 1422 1
1420 2505 -1
1421 1424 -1
1422 2501 1
1423 1425 -1
1423 2501 -1
1423 2503 -1
1424 2502 -1
1424 2504 1
1426 1428 1
1426 1437 1
1426 1440 -1
1426 2503 1
1426 2504 1
1426 2505 1
1427 1432 -1
1427 1435 1
1427 1443 1
1427 1447 1
1427 1449 1
1428 1429 1
1428 1438 1
1428 1441 -1
1428 1450 1
1429 1446 -1
1430 1442 1
1430 1443 1
1430 2502 1
1431 1437 1
1431 1443 -1
1431 2505 1
1432 1433 -1
1432 1439 -1
1433 1449 1
1433 1450 -1
1434 1440 1
1434 1443 1
1435 1445 -1
1436 1441 1
1436 1448 -1
1437 1440 -1
1437 1444 -1
1437 2502 -1
1438 1448 1
1438 2502 -1
1439 1441 -1
1439 1442 -1
1439 2502 -1
1440 1446 1
1440 2501 1
1440 2504 1
1441 1442 -1
1441 1447 -1
1443 1450 -1
1444 2505 -1
1445 1449 1
1445 1450 -1
1445 2504 1
1446 2504 1
1447 2501 1
1447 2502 -1
1447 2505 1
1448 2501 1
1449 2501 1
1449 2502 -1
1450 2504 -1
1451 1457 1
1451 1470 1
1451 1474 1
1451 2503 -1
1452 1457 1
1452 1458 -1
1452 1464 -1
1452 1469 1
1452 1472 1
1452 1475 1
1452 2504 1
1453 1462 -1
1453 1473 -1
1453 1474 -1
1453 2501 1
1453 2503 1
1454 1456 1
1454 2505 -1
1455 1458 -1
1455 1461 -1
1455 1467 1
1455 2502 1
1455 2503 -1
1456 1461 -1
1456 1473 -1
1457 1469 1
1457 1470 -1
1457 2502 -1
1457 2503 1
1457 2504 1
1458 1460 1
1458 1461 -1
1458 1463 -1
1458 1464 1
1458 1468 -1
1458 2501 -1
1458 2504 -1
1458 2505 -1
1459 1467 1
1459 2504 1
1460 1461 1
1460 1469 1
1460 1471 1
1460 1473 1
1460 1474 1
1460 1475 1
1460 2503 1
1460 2504 -1
1460 2505 1
1461 1470 -1
1461 1471 -1
1462 1463 1
1462 1467 1
1462 1472 1
1462 2501 -1
1463 1468 1
1463 1474 1
1463 2505 1
1464 1465 -1
1464 1472 -1
1464 2503 1
1464 2505 1
1465 1467 1
1466 1470 1
1466 1472 -1
1466 2501 -1
1466 2503 -1
1467 1473 1
1467 1474 -1
1467 1475 1
1467 2502 -1
1467 2503 1
1467 2505 1
1468 1472 1
1468 2502 1
1468 2503 1
1469 2502 -1
1470 1475 1
1470 2505 1
1471 1475 1
1471 2505 1
1472 1473 1
1472 2504 1
1472 2505 -1
1473 2501 1
1473 2503 1
1474 2504 1
1474 2505 -1
1475 2501 1
1476 1481 -1
1476 1487 1
1476 1493 1
1476 1495 1
1477 1480 1
1477 1488 1
1477 1492 -1
1477 1495 -1
1478 1480 -1
1478 1491 -1
1478 1493 1
1478 2503 1
1479 1487 1
1479 1495 -1
1479 2502 1
1480 1492 -1
1481 1486 -1
1481 1497 1
1481 2504 1
1481 2505 -1
1482 1484 -1
1482 1486 1
1482 1487 -1
1482 1491 -1
1482 1492 -1
1482 1495 1
1483 1485 -1
1483 1493 1
1483 2503 -1
1484 1485 1
1484 1486 -1
1484 1490 1
1484 1494 -1
1484 1499 -1
1484 2503 1
1484 2504 1
1485 1490 1
1485 2501 1
1485 2502 -1
1486 1495 1
1486 1500 -1
1486 2502 -1
1488 1493 1
1488 2504 -1
1488 2505 -1
1489 1494 1
1489 1496 1
1490 1492 -1
1491 1493 1
1491 1498 1
1491 1499 -1
1492 2501 1
1492 2503 1
1493 2505 -1
1494 2503 1
1495 1498 -1
1495 1499 1
1495 2505 -1
1496 1499 -1
1496 2505 -1
1497 1500 -1
1498 2504 1
1499 2503 1
1499 2504 -1
1500 2501 -1
1501 1503 1
1501 1505 1
1501 1514 1
1501 1519 1
1501 2501 -1
1502 1508 -1
1502 1511 1
1502 1520 1
1502 2501 1
1503 1506 1
1503 1512 1
1503 1515 -1
1503 1517 -1
1503 1521 1
1503 1525 1
1503 2503 -1
1504 1508 -1
1504 1516 1
1505 1508 1
1505 1510 1
1505 1511 1
1505 1518 1
1505 2503 -1
1506 1511 1
1506 1512 -1
1506 1514 -1
1506 1516 1
1506 1518 -1
1506 1522 1
1506 2501 -1
1506 2504 1
1507 1508 1
1507 1509 1
1507 1511 1
1507 1515 -1
1507 1516 -1
1507 1522 1
1507 2504 -1
1507 2505 -1
1508 1509 1
1508 1521 -1
1508 1522 -1
1508 2502 1
1509 1514 -1
1509 1516 1
1509 1521 1
1509 2504 -1
1510 1514 1
1510 1520 -1
1510 1525 1
1511 1518 -1
1511 1520 -1
1511 1523 1
1511 2501 1
1511 2505 -1
1512 1517 1
1512 1518 1
1512 1522 1
1512 2505 -1
1513 1525 1
1513 2504 1
1514 1517 1
1514 1522 -1
1514 2501 1
1514 2503 1
1515 2502 1
1515 2504 1
1516 2505 -1
1517 2501 1
1517 2504 -1
1518 2503 1
1518 2505 -1
1519 1523 -1
1519 2502 -1
1520 2503 1
1522 1525 -1
1523 1524 -1
1523 2505 1
1524 2501 1
1524 2503 -1
1524 2504 -1
1526 1539 1
1526 1542 -1
1526 1547 -1
1526 1550 1
1526 2502 1
1527 1528 1
1527 1536 1
1527 1537 1
1528 1536 1
1528 1537 1
1528 1544 1
1528 1548 -1
1528 2504 1
1529 1541 -1
1529 1547 -1
1529 2505 1
1530 1532 -1
1530 1534 1
1530 1535 1
1530 1536 -1
1530 1539 1
1530 1541 1
1530 1544 -1
1530 1549 1
1530 2501 -1
1530 2502 -1
1531 1537 -1
1531 1539 -1
1531 1541 -1
1531 1549 -1
1531 2501 -1
1531 2505 -1
1532 1534 -1
1532 1535 -1
1532 1544 1
1532 1548 -1
1532 1550 1
1532 2502 1
1533 1534 1
1533 1546 1
1533 1547 1
1533 1549 -1
1534 1536 -1
1534 1544 -1
1534 1548 1
1535 1537 1
1535 1538 -1
1535 1539 1
1535 1542 -1
1535 1544 1
1535 1548 1
1536 1537 -1
1536 1544 1
1536 1549 1
1537 1538 1
1537 1544 1
1537 1546 1
1537 1549 1
1537 1550 1
1538 1539 1
1538 1541 1
1538 1542 -1
1538 1548 1
1538 1549 1
1538 2502 1
1538 2505 1
1539 1545 1
1539 1546 -1
1539 2502 1
1539 2503 1
1540 1550 -1
1540 2501 -1
1541 2501 -1
1541 2505 1
1542 1545 1
1542 1547 1
1543 1546 1
1543 1548 -1
1543 2502 -1
1544 1550 1
1546 1549 -1
1547 1549 -1
1547 1550 -1
1547 2505 -1
1548 1550 1
1549 2504 1
1550 2504 1
1550 2505 1
1551 1564 1
1551 1569 -1
1552 1553 -1
1552 1561 -1
1552 1574 1
1553 1562 -1
1553 1574 -1
1553 2501 1
1553 2502 1
1554 1569 -1
1554 1571 1
1554 1572 -1
1554 1573 -1
1554 2503 1
1554 2504 -1
1554 2505 -1
1555 1556 -1
1555 1559 1
1555 1564 -1
1555 1572 -1
1555 1573 -1
1555 2501 1
1555 2505 -1
1556 1569 1
1556 1571 -1
1556 1574 -1
1556 2504 -1
1556 2505 -1
1557 1560 1
1557 1567 -1
1557 1568 -1
1557 1569 -1
1557 1571 -1
1557 1574 -1
1558 1561 1
1558 1563 1
1558 1570 1
1558 1574 1
1558 2503 1
1559 1570 -1
1559 2502 1
1560 1571 1
1560 1572 -1
1560 1574 1
1560 2501 1
1562 1564 1
1562 1573 1
1562 2501 1
1563 2502 1
1563 2504 1
1564 1565 1
1565 1567 -1
1565 1574 1
1566 2504 1
1568 2502 -1
1568 2505 -1
1569 1573 1
1569 1574 -1
1569 2502 1
1569 2505 1
1570 1574 1
1570 2502 -1
1570 2504 -1
1571 1574 1
1571 2503 -1
1572 2501 1
1573 2502 1
1573 2504 1
1574 2504 1
1576 1598 -1
1576 2503 1
1576 2505 -1
1577 1578 1
1577 1579 1
1578 1580 1
1578 1589 1
1578 2504 1
1579 1581 -1
1579 1585 -1
1579 1590 -1
1579 1591 1
1579 1595 -1
1579 1597 -1
1579 1598 1
1580 1587 1
1580 1594 1
1580 1599 -1
1580 1600 1
1581 1595 -1
1581 1597 -1
1581 1600 1
1581 2501 1
1581 2502 1
1581 2504 1
1582 1587 1
1582 1589 -1
1582 1591 -1
1582 1592 -1
1582 1598 -1
1582 1599 -1
1583 1585 -1
1583 1594 1
1583 1596 1
1583 2501 -1
1583 2504 -1
1584 1596 1
1584 2501 -1
1584 2505 1
1585 1595 -1
1585 1599 -1
1585 1600 1
1586 1589 -1
1586 1594 1
1586 1600 -1
1586 2501 1
1586 2505 -1
1587 2503 -1
1588 1593 1
1588 2502 -1
1589 1595 1
1589 2503 1
1589 2504 1
1590 1592 -1
1590 1596 -1
1590 1597 -1
1590 2503 -1
1591 1598 -1
1592 1596 1
1592 2503 -1
1593 1599 -1
1593 2502 -1
1594 1595 1
1594 1597 -1
1594 2502 -1
1595 1600 1
1595 2501 -1
1595 2502 1
1596 1598 1
1596 2504 -1
1597 1600 1
1597 2501 -1
1598 2503 -1
1599 1600 -1
1600 2505 1
1601 1605 -1
1601 1608 -1
1601 1609 1
1601 2503 -1
1602 1607 1
1602 1609 -1
1602 1615 -1
1602 2502 1
1602 2505 -1
1603 1611 -1
1603 1613 -1
1603 1615 -1
1603 1623 -1
1603 2501 -1
1603 2503 1
1603 2504 -1
1604 1611 -1
1604 1619 1
1604 1621 -1
1605 1621 1
1605 1623 1
1605 2502 1
1606 1610 -1
1606 1611 -1
1606 1623 1
1607 1619 -1
1607 2504 1
1608 1613 1
1608 1623 -1
1608 2505 1
1609 1613 1
1609 1615 -1
1609 1619 1
1609 1621 -1
1609 1622 1
1609 2502 1
1610 1620 1
1610 1622 -1
1610 1623 1
1610 2505 -1
1611 1617 -1
1611 2502 -1
1611 2505 1
1612 1613 1
1612 1618 -1
1612 2501 1
1613 1614 -1
1613 1624 1
1613 2501 -1
1614 1617 -1
1614 1623 -1
1615 1618 1
1615 1621 -1
1615 1625 -1
1616 1623 1
1616 1625 1
1616 2505 1
1617 1624 -1
1618 1621 1
1618 2501 -1
1619 1625 -1
1619 2502 1
1619 2504 1
1620 1623 1
1621 1623 1
1621 1625 1
1621 2501 1
1621 2502 1
1621 2504 1
1622 2501 1
1622 2504 -1
1623 2504 1
1625 2504 1
1626 1628 1
1626 1633 -1
1626 1634 -1
1626 1637 1
1626 1641 -1
1626 1646 -1
1627 1629 -1
1627 1632 1
1627 1635 -1
1627 1639 1
1627 2503 -1
1628 1633 1
1628 2501 1
1628 2502 -1
1628 2505 -1
1629 1630 -1
1629 1636 -1
1629 1637 -1
1629 1638 -1
1629 1642 -1
1630 1636 1
1630 1641 -1
1630 1645 -1
1631 1635 -1
1631 2503 1
1632 1639 1
1632 1647 1
1632 2503 -1
1633 1634 -1
1633 1638 1
1634 1637 1
1634 1638 1
1634 1647 1
1636 1639 1
1636 1640 -1
1636 1646 1
1636 1649 1
1637 1647 1
1637 2502 -1
1637 2505 1
1638 1640 1
1638 1647 -1
1638 1649 -1
1639 1650 -1
1639 2501 -1
1640 2505 1
1641 1646 1
1641 1648 1
1642 1643 -1
1642 1648 1
1642 2502 1
1643 2501 1
1643 2505 -1
1644 2504 -1
1645 2501 -1
1645 2503 1
1645 2504 1
1646 2503 -1
1647 2501 1
1647 2504 1
1648 2502 -1
1648 2505 1
1649 2501 -1
1651 1652 1
1651 1659 -1
1651 1660 -1
1651 1662 1
1651 1665 1
1651 1666 -1
1651 1669 1
1651 1670 -1
1651 1671 -1
1651 1674 1
1651 2502 -1
1652 1661 -1
1652 1675 1
1652 2503 1
1653 1656 -1
1653 1664 1
1653 1674 -1
1653 2503 1
1653 2504 -1
1654 1658 1
1655 1660 -1
1655 1661 1
1655 1671 1
1656 1663 1
1656 1670 1
1656 2503 -1
1656 2504 -1
1657 1668 1
1657 1669 -1
1657 2504 1
1658 1659 1
1658 1662 -1
1658 1663 -1
1658 1666 -1
1658 1668 -1
1658 2502 1
1659 1660 -1
1659 1666 -1
1659 1675 -1
1660 1668 -1
1660 1670 1
1660 1672 1
1660 2501 -1
1660 2503 1
1660 2504 1
1661 1670 -1
1661 1672 1
1662 1664 -1
1662 1666 1
1662 1668 1
1662 1675 -1
1662 2501 1
1662 2505 -1
1663 1672 -1
1663 2504 -1
1663 2505 -1
1664 1666 1
1664 1673 1
1664 1674 1
1664 2505 -1
1665 1668 1
1665 1673 -1
1665 1674 -1
1665 2505 1
1666 1667 1
1666 1668 1
1666 1673 -1
1666 2502 -1
1666 2503 -1
1667 2505 -1
1668 2501 -1
1669 2503 1
1669 2505 1
1670 2503 -1
1670 2504 -1
1671 2502 -1
1671 2503 -1
1672 1673 -1
1672 2503 -1
1673 2504 1
1674 2504 1
1675 2503 -1
1676 1678 1
1676 1686 1
1676 1692 -1
1676 2501 -1
1676 2502 1
1677 1678 -1
1677 1683 1
1677 1684 -1
1677 1690 1
1677 2502 -1
1677 2503 1
1678 1680 1
1678 1685 -1
1678 1695 -1
1678 2502 1
1679 1695 -1
1679 1698 -1
1679 2502 -1
1680 1698 1
1680 1699 1
1680 1700 -1
1680 2501 -1
1680 2502 1
1681 2501 -1
1681 2503 1
1682 1690 -1
1682 1692 1
1682 1695 -1
1683 1686 -1
1683 1687 -1
1683 1691 1
1683 1695 -1
1684 1689 1
1684 1690 1
1684 1697 1
1684 2501 1
1685 1690 -1
1685 1696 -1
1685 1698 -1
1685 1700 -1
1685 2502 -1
1686 1694 1
1687 1690 1
1687 1694 -1
1687 1696 1
1687 1699 1
1687 2503 -1
1688 1696 -1
1688 1698 1
1688 1700 -1
1688 2503 -1
1689 1693 -1
1689 1695 -1
1689 1698 -1
1689 1699 1
1689 1700 -1
1689 2503 1
1690 2504 -1
1691 2503 1
1692 1693 -1
1692 1698 -1
1692 2503 1
1692 2505 1
1693 1695 1
1693 1700 -1
1693 2502 -1
1694 1696 1
1694 1698 -1
1694 2503 -1
1695 2502 -1
1697 2503 1
1698 2501 1
1698 2504 1
1699 2505 -1
1700 2501 -1
1700 2504 -1
1701 1705 1
1701 1717 1
1701 1722 -1
1702 1711 1
1702 1714 -1
1702 1719 -1
1702 1724 1
1702 2501 1
1702 2502 1
1703 1709 1
1703 2501 1
1704 1705 1
1704 1710 -1
1704 2501 -1
1704 2505 -1
1705 1715 1
1705 1717 1
1705 1724 1
1705 2502 -1
1705 2505 -1
1706 1710 -1
1706 1715 1
1706 1720 1
1706 1721 -1
1706 1724 1
1706 2501 1
1706 2504 1
1707 1713 -1
1707 1718 1
1708 1711 1
1708 1720 1
1708 2503 -1
1709 1714 1
1709 1716 1
1709 2502 1
1709 2503 -1
1709 2504 1
1710 1715 -1
1710 1723 1
1711 1712 1
1712 1714 1
1712 1719 -1
1712 2502 -1
1712 2503 1
1713 1723 -1
1713 2505 1
1714 1721 1
1714 1723 1
1714 2502 -1
1715 1717 -1
1715 1721 1
1715 2502 1
1716 1720 -1
1716 2501 -1
1717 1718 1
1717 1722 -1
1718 1723 1
1718 2501 1
1719 1723 1
1719 2501 -1
1720 1724 -1
1720 1725 1
1720 2503 -1
1721 1722 -1
1721 1725 -1
1721 2501 1
1721 2504 -1
1722 1725 -1
1722 2505 1
1723 2502 -1
1724 2505 1
1726 1734 -1
1726 1739 -1
1726 1744 -1
1726 1745 -1
1726 1748 1
1727 1738 1
1727 1740 1
1727 1744 -1
1727 1749 -1
1727 2501 1
1728 1737 1
1728 1740 -1
1728 1744 1
1728 2502 1
1728 2503 -1
1729 1747 1
1729 1748 1
1729 2502 -1
1730 1735 1
1730 1739 1
1730 1749 -1
1730 2504 -1
1731 1738 -1
1731 1744 -1
1731 1749 -1
1731 1750 -1
1731 2502 -1
1732 1733 1
1732 1736 -1
1732 1743 1
1733 1735 -1
1733 1742 -1
1733 1743 -1
1733 1745 -1
1733 2501 1
1734 1743 1
1734 2501 -1
1734 2505 -1
1735 1736 -1
1736 1743 1
1736 1750 -1
1737 1744 1
1737 2504 -1
1738 1742 1
1738 1748 1
1738 2503 -1
1738 2505 -1
1739 1747 -1
1739 1749 -1
1739 2502 -1
1739 2503 -1
1740 1745 1
1740 1746 1
1740 2504 -1
1740 2505 -1
1741 1746 1
1741 2502 -1
1741 2505 1
1742 1745 1
1742 1746 -1
1742 1749 -1
1743 2503 1
1744 1746 1
1744 2505 -1
1745 1746 -1
1746 1748 1
1747 1748 1
1747 2501 -1
1748 2501 -1
1749 1750 1
1749 2504 -1
1750 2501 1
1750 2503 1
1751 1753 1
1751 1755 -1
1751 1769 -1
1751 2502 -1
1752 1753 -1
1752 1760 1
1752 1771 -1
1752 2502 -1
1753 1763 -1
1753 1767 -1
1753 2503 -1
1754 1755 -1
1754 1762 1
1754 1763 1
1754 1766 1
1755 1756 1
1755 1768 -1
1755 2503 1
1755 2505 -1
1756 1760 1
1756 1769 1
1756 2503 -1
1756 2505 1
1757 1765 -1
1757 1770 -1
1757 1771 -1
1757 1772 -1
1757 2502 1
1757 2503 -1
1758 1775 1
1759 1766 -1
1759 1775 1
1759 2504 1
1760 2501 -1
1760 2503 1
1760 2505 -1
1761 1762 -1
1761 1766 -1
1761 1771 -1
1761 1774 1
1761 1775 1
1761 2501 1
1761 2502 -1
1761 2504 1
1762 1763 -1
1762 1765 1
1763 1765 -1
1763 1770 1
1763 2503 -1
1765 1769 -1
1765 2504 -1
1765 2505 1
1766 1770 -1
1767 1768 -1
1767 1772 1
1767 1774 -1
1767 1775 1
1768 2503 1
1769 1770 1
1769 1772 -1
1770 1771 1
1772 1775 -1
1772 2501 1
1772 2503 -1
1773 1775 -1
1776 1781 1
1776 1785 1
1776 1788 -1
1776 1792 -1
1776 1799 1
1776 2504 -1
1777 1784 -1
1777 1798 1
1777 2501 -1
1777 2502 1
1777 2503 -1
1778 1783 -1
1778 1792 -1
1778 2501 1
1778 2502 1
1779 1781 -1
1779 1782 1
1779 1794 -1
1779 1795 -1
1779 2505 -1
1780 1787 -1
1780 1795 -1
1780 1797 1
1780 1799 1
1780 1800 -1
1780 2502 1
1780 2503 -1
1781 1782 -1
1781 1790 1
1781 1797 -1
1781 2502 -1
1782 1783 -1
1782 1787 1
1782 1800 1
1782 2502 -1
1782 2505 1
1783 1786 1
1783 1798 -1
1783 1800 -1
1783 2501 -1
1784 1786 1
1784 1790 1
1784 1791 -1
1784 2503 1
1785 1794 1
1786 1788 -1
1786 1791 1
1786 1795 1
1786 2502 1
1787 1788 -1
1787 1790 -1
1787 1792 -1
1788 1789 1
1788 1793 1
1788 1796 1
1788 1798 1
1788 2501 1
1788 2503 1
1789 1794 1
1789 1800 1
1790 1798 -1
1790 1800 -1
1790 2502 1
1791 1793 1
1791 2505 -1
1792 1795 1
1792 1799 1
1792 2505 1
1793 2503 1
1793 2504 1
1795 1796 -1
1795 1797 1
1796 1800 1
1796 2502 1
1796 2503 -1
1797 1798 1
1797 2502 1
1797 2505 -1
1798 2504 -1
1799 2502 -1
1800 2505 -1
1801 1804 -1
1801 1806 -1
1801 1807 -1
1801 1809 1
1801 1810 1
1801 1814 -1
1801 1821 -1
1801 1823 -1
1801 2505 -1
1802 1804 1
1802 1807 -1
1802 1809 1
1802 1811 1
1802 1817 1
1802 1818 1
1802 1824 -1
1802 2502 -1
1802 2503 1
1803 1804 1
1803 1811 -1
1803 1818 -1
1803 1821 1
1803 1823 -1
1804 1820 1
1804 1822 -1
1805 1806 1
1805 1812 -1
1805 2501 1
1805 2504 -1
1805 2505 1
1806 1810 1
1806 1814 1
1806 1818 -1
1806 2503 1
1807 1809 1
1807 1814 1
1807 2505 1
1808 1815 -1
1808 1818 -1
1808 1823 -1
1808 2501 -1
1808 2502 -1
1809 1810 1
1809 1814 1
1810 1813 -1
1810 1818 1
1810 1820 1
1810 1824 1
1810 1825 -1
1810 2505 1
1811 1818 -1
1811 1825 -1
1812 1821 -1
1812 1824 1
1812 2503 1
1813 1816 1
1813 1825 1
1813 2505 1
1814 1823 -1
1814 2503 -1
1815 2502 1
1815 2504 1
1816 1819 -1
1816 2502 -1
1816 2504 -1
1817 2501 1
1818 1821 -1
1819 1820 -1
1819 1825 -1
1819 2503 1
1819 2505 1
1820 1822 -1
1820 1824 1
1820 2503 1
1821 2501 1
1822 1823 1
1822 2504 1
1823 2501 -1
1824 2502 1
1824 2503 1
1825 2501 -1
1826 1836 -1
1826 1843 -1
1826 1844 1
1826 2502 -1
1827 1839 1
1827 1845 -1
1827 1846 -1
1827 2502 1
1828 1830 -1
1828 1831 1
1828 1835 1
1828 1846 1
1828 1847 -1
1828 1850 -1
1828 2501 -1
1828 2502 -1
1828 2505 1
1829 1835 -1
1829 1836 1
1829 1845 -1
1829 1846 -1
1829 1847 1
1829 2503 -1
1829 2504 1
1830 1848 1
1830 2502 1
1831 1832 1
1831 1836 -1
1831 1841 1
1831 1848 1
1832 1834 1
1832 1843 -1
1832 1845 1
1832 1847 -1
1832 1849 -1
1832 2501 1
1833 1836 -1
1833 1840 1
1833 1843 -1
1833 2503 -1
1834 1843 1
1834 1849 -1
1835 1849 -1
1835 2501 1
1835 2504 -1
1836 1841 -1
1836 1847 -1
1836 2504 -1
1837 1839 1
1837 1840 -1
1837 2503 -1
1838 2501 -1
1838 2502 1
1838 2504 1
1839 1843 1
1839 1845 1
1839 2501 -1
1839 2502 1
1839 2505 -1
1840 1849 1
1841 1847 -1
1841 1849 -1
1841 2501 -1
1841 2503 -1
1842 1843 1
1842 2501 -1
1842 2502 1
1843 1844 1
1843 1848 1
1844 2501 1
1844 2505 1
1845 2504 -1
1847 2502 -1
1848 2504 1
1849 2501 1
1851 1855 1
1851 1858 -1
1851 1859 1
1851 1861 1
1851 1863 -1
1851 1869 -1
1851 1873 -1
1851 2503 -1
1852 1854 1
1852 1856 1
1852 1857 1
1852 1870 1
1852 1871 -1
1852 1874 1
1852 2504 -1
1853 1854 -1
1853 1860 1
1853 2501 1
1854 1856 -1
1854 1858 1
1854 1868 -1
1854 1872 -1
1854 1873 -1
1854 1874 -1
1854 2504 -1
1855 1857 1
1855 1867 1
1855 1870 1
1855 1872 1
1855 1875 -1
1855 2502 1
1855 2504 -1
1855 2505 -1
1856 1861 1
1856 1865 1
1856 1870 1
1856 1874 1
1856 2504 -1
1856 2505 -1
1857 1872 1
1857 1873 -1
1857 2504 -1
1858 1863 -1
1858 1874 -1
1859 1864 -1
1859 1871 1
1859 1875 1
1859 2503 1
1860 1861 -1
1860 1862 1
1860 1865 -1
1860 1866 -1
1860 1869 1
1860 1873 -1
1860 2501 1
1861 1864 -1
1861 1866 -1
1861 1867 1
1861 2505 1
1862 1869 1
1862 1871 -1
1862 2503 -1
1864 1867 -1
1864 1872 1
1864 1874 1
1864 2501 1
1865 1866 -1
1865 1871 -1
1866 2501 1
1867 1868 1
1867 2503 1
1868 1871 -1
1868 1874 1
1868 2503 -1
1868 2504 1
1869 1871 1
1869 2501 -1
1869 2504 1
1869 2505 -1
1872 2502 -1
1873 1875 1
1873 2501 -1
1873 2502 -1
1876 1877 1
1876 1880 -1
1876 1885 -1
1876 1887 1
1876 1893 -1
1876 1896 1
1876 2501 1
1876 2505 1
1877 1883 1
1877 1890 1
1877 1892 -1
1877 1895 1
1877 1897 -1
1877 2502 -1
1878 1883 -1
1878 1896 -1
1878 1900 -1
1879 1891 1
1879 1899 -1
1879 2501 -1
1880 1890 -1
1880 2505 1
1881 1887 1
1881 1888 1
1881 1899 -1
1881 2503 1
1882 1885 -1
1882 1886 1
1882 1887 -1
1882 1898 1
1882 1900 -1
1883 1887 -1
1883 1890 1
1883 1897 -1
1883 1900 1
1883 2502 -1
1883 2505 -1
1884 1887 -1
1884 1890 1
1884 2501 1
1884 2504 -1
1885 1892 1
1885 1896 -1
1886 1887 -1
1886 1892 1
1886 1895 -1
1886 2503 1
1887 2503 1
1888 1897 -1
1888 2501 -1
1889 1892 -1
1889 1894 -1
1889 2505 1
1890 1892 1
1890 1900 -1
1890 2502 -1
1890 2505 -1
1891 1892 1
1892 1897 -1
1892 1900 -1
1893 1894 -1
1893 1900 -1
1894 1898 -1
1894 2503 1
1895 1898 1
1895 2505 1
1897 2504 -1
1899 1900 -1
1899 2501 -1
1899 2502 1
1899 2504 1
1901 1906 -1
1901 1914 -1
1901 1916 -1
1901 1923 1
1901 2504 1
1902 1904 1
1902 1906 1
1902 1921 -1
1902 2501 1
1902 2504 -1
1903 2502 -1
1903 2505 -1
1904 1921 1
1905 1907 -1
1906 1911 -1
1906 1924 -1
1906 2502 1
1906 2503 1
1907 1922 -1
1908 1909 1
1908 1917 -1
1908 1921 1
1908 1925 1
1909 1913 -1
1909 1914 -1
1909 2505 1
1910 1912 1
1910 1913 1
1910 1914 -1
1910 1915 1
1910 2504 1
1911 1917 -1
1911 1920 -1
1911 1921 -1
1911 1924 1
1911 2501 -1
1911 2504 1
1912 1917 1
1912 2501 1
1913 1917 1
1913 1918 1
1913 1919 -1
1914 1918 1
1914 2502 1
1914 2505 1
1915 2503 -1
1916 1921 1
1916 1923 -1
1916 2505 1
1917 1925 -1
1917 2501 -1
1918 1922 1
1918 2503 -1
1919 1922 -1
1921 1925 1
1921 2502 -1
1921 2504 -1
1922 1923 -1
1922 2503 1
1922 2504 1
1923 2501 1
1923 2502 1
1924 2501 1
1925 2501 -1
1925 2502 1
1926 1931 -1
1926 1941 -1
1926 1943 1
1927 1935 1
1927 1940 -1
1927 1942 -1
1927 1946 -1
1927 2501 -1
1927 2504 -1
1928 1932 1
1928 1935 -1
1928 1947 1
1928 2503 -1
1929 1930 1
1929 1939 1
1929 1942 -1
1929 1950 -1
1929 2502 1
1930 1949 1
1931 1944 1
1931 1945 -1
1931 1947 -1
1931 2501 -1
1932 1934 -1
1932 1935 -1
1932 1937 1
1932 1940 -1
1932 1945 1
1933 1937 1
1933 2502 1
1933 2505 1
1934 1940 -1
1934 1950 -1
1934 2501 -1
1934 2502 -1
1935 1941 1
1936 1938 1
1936 2502 -1
1937 1941 -1
1937 2503 1
1937 2505 1
1938 1941 -1
1938 1947 -1
1938 2502 -1
1938 2503 -1
1939 1947 1
1939 2504 -1
1940 1944 1
1940 2502 1
1941 1943 1
1941 2505 -1
1942 1946 -1
1942 1947 1
1942 2501 1
1942 2503 -1
1942 2504 1
1943 2503 -1
1944 1945 -1
1944 1947 1
1944 2503 -1
1944 2504 -1
1945 1948 -1
1945 2503 -1
1945 2504 1
1946 1947 1
1946 1950 -1
1946 2501 -1
1946 2503 1
1946 2504 -1
1947 2501 -1
1948 2503 -1
1949 2501 -1
1949 2503 -1
1950 2502 1
1950 2505 -1
1951 1955 1
1951 1958 1
1951 1962 -1
1951 1963 1
1951 1964 1
1951 1969 1
1951 1972 1
1951 2504 -1
1952 1971 1
1952 1974 1
1953 1954 -1
1953 1955 1
1953 1974 -1
1953 2504 -1
1953 2505 1
1954 1959 -1
1954 1960 -1
1954 1967 1
1954 1972 1
1954 2503 1
1955 1957 -1
1955 1958 1
1955 1964 1
1955 1969 1
1955 2501 1
1955 2505 -1
1956 1960 -1
1956 1965 1
1956 1966 1
1956 1975 -1
1956 2501 1
1957 1961 -1
1957 1963 1
1957 1966 1
1957 1967 -1
1957 1968 1
1957 1972 -1
1957 2503 -1
1957 2504 -1
1958 1964 1
1958 1965 -1
1958 1972 -1
1958 1975 1
1958 2505 1
1959 1968 1
1959 1971 1
1960 1968 1
1960 1970 -1
1960 2505 -1
1961 1962 1
1961 1963 1
1961 1971 1
1961 2505 -1
1962 1969 -1
1962 2504 1
1963 1975 -1
1963 2504 1
1964 1969 1
1964 1975 -1
1965 1972 1
1965 1973 1
1965 1974 -1
1965 2505 -1
1967 1971 -1
1967 1973 -1
1967 2502 1
1967 2504 -1
1968 2501 -1
1968 2504 -1
1969 1970 -1
1969 1972 1
1970 1974 -1
1970 1975 1
1970 2503 1
1972 1974 1
1972 1975 1
1973 2502 -1
1976 1983 -1
1976 1986 1
1976 1987 -1
1976 1998 -1
1976 1999 -1
1977 1988 -1
1977 1989 1
1977 1990 1
1977 1991 1
1978 1989 1
1978 1991 -1
1978 1998 -1
1978 2504 1
1979 1984 -1
1979 1998 -1
1979 2505 -1
1981 1982 1
1981 1984 -1
1981 1988 1
1981 1991 -1
1981 1997 -1
1981 1998 1
1981 2000 1
1981 2505 -1
1982 1988 1
1982 1999 1
1982 2504 1
1983 1989 1
1983 2501 1
1983 2502 -1
1984 1988 1
1984 1992 -1
1984 1996 1
1984 2502 -1
1984 2503 -1
1985 1990 -1
1985 2505 -1
1986 1989 -1
1986 2502 -1
1986 2503 -1
1987 1992 1
1987 1993 -1
1987 2503 -1
1988 1994 1
1988 1998 1
1988 1999 1
1988 2501 1
1989 2503 1
1989 2504 1
1990 1993 1
1990 1997 -1
1990 2504 1
1991 2501 1
1992 1995 1
1992 1998 1
1992 2503 -1
1993 1994 1
1993 1996 -1
1994 1996 -1
1994 1999 -1
1994 2000 1
1995 1998 1
1995 2000 1
1995 2505 -1
1997 2000 1
1997 2504 -1
1998 2503 1
1998 2505 1
1999 2000 -1
1999 2501 -1
1999 2502 -1
2000 2503 -1
2000 2504 1
2000 2505 -1
2001 2004 1
2001 2012 -1
2001 2015 1
2001 2024 1
2002 2012 -1
2002 2023 -1
2002 2505 1
2003 2012 -1
2003 2016 1
2003 2502 -1
2003 2505 1
2004 2014 -1
2005 2012 1
2005 2016 -1
2006 2011 -1
2006 2015 -1
2006 2018 1
2006 2022 -1
2007 2008 -1
2007 2025 -1
2007 2502 1
2008 2019 -1
2008 2020 1
2008 2502 1
2009 2013 1
2009 2017 -1
2010 2015 -1
2010 2020 1
2010 2502 1
2011 2013 -1
2011 2021 1
2011 2022 1
2011 2024 -1
2011 2503 -1
2012 2013 1
2012 2016 -1
2013 2024 -1
2013 2504 -1
2014 2025 -1
2015 2017 1
2015 2019 1
2015 2021 1
2015 2504 1
2016 2017 -1
2017 2025 -1
2018 2025 -1
2018 2501 1
2018 2504 -1
2019 2021 -1
2019 2022 -1
2019 2023 -1
2019 2502 -1
2020 2503 -1
2020 2504 -1
2021 2023 1
2021 2501 -1
2022 2025 -1
2024 2025 -1
2025 2501 1
2025 2505 1
2026 2033 1
2026 2042 -1
2026 2044 1
2026 2045 -1
2026 2049 1
2026 2503 1
2027 2030 -1
2027 2042 -1
2027 2045 -1
2027 2501 1
2028 2032 -1
2028 2036 -1
2028 2048 1
2028 2049 1
2028 2503 1
2028 2505 1
2029 2030 1
2029 2034 -1
2029 2035 -1
2029 2036 1
2029 2039 -1
2029 2042 -1
2029 2501 -1
2030 2031 -1
2030 2041 -1
2030 2042 1
2030 2502 1
2030 2505 -1
2031 2034 -1
2031 2036 1
2031 2042 1
2031 2044 1
2031 2050 -1
2031 2505 -1
2032 2034 -1
2032 2035 1
2032 2037 -1
2033 2039 -1
2033 2042 -1
2033 2046 1
2033 2505 -1
2034 2035 1
2034 2037 1
2034 2040 1
2034 2041 -1
2034 2044 1
2034 2047 1
2034 2505 -1
2035 2040 1
2035 2043 -1
2035 2045 -1
2035 2049 -1
2036 2038 1
2036 2041 1
2036 2043 -1
2036 2044 -1
2036 2501 -1
2036 2503 -1
2036 2504 1
2036 2505 1
2037 2042 1
2037 2048 1
2037 2501 1
2037 2502 1
2037 2503 -1
2038 2044 1
2038 2050 -1
2038 2501 1
2039 2042 1
2039 2047 1
2039 2504 -1
2040 2041 1
2040 2504 1
2041 2042 -1
2041 2047 1
2042 2045 -1
2042 2502 1
2042 2503 -1
2043 2044 1
2043 2048 1
2043 2501 1
2043 2504 1
2044 2501 1
2045 2048 1
2045 2502 -1
2045 2504 -1
2046 2049 1
2046 2503 -1
2047 2502 -1
2050 2501 -1
2051 2053 -1
2051 2056 -1
2051 2057 1
2051 2063 1
2051 2064 -1
2051 2066 1
2051 2502 -1
2052 2054 1
2052 2063 -1
2052 2071 -1
2052 2072 -1
2052 2503 1
2053 2056 1
2053 2058 1
2053 2068 -1
2053 2069 -1
2053 2505 -1
2054 2064 -1
2054 2066 1
2054 2501 1
2055 2057 1
2055 2059 1
2055 2060 1
2056 2058 1
2056 2065 1
2056 2066 1
2056 2069 1
2056 2501 -1
2056 2503 1
2057 2502 -1
2057 2505 1
2058 2067 -1
2058 2074 -1
2058 2075 -1
2058 2502 -1
2058 2504 1
2059 2067 1
2059 2068 1
2059 2072 -1
2059 2503 1
2060 2062 1
2060 2063 -1
2060 2064 -1
2060 2067 1
2060 2071 -1
2060 2505 -1
2061 2066 1
2061 2074 -1
2061 2504 1
2062 2064 1
2062 2065 -1
2062 2070 1
2062 2072 1
2062 2074 1
2062 2501 1
2062 2504 1
2062 2505 1
2063 2505 -1
2064 2069 -1
2065 2068 -1
2065 2503 1
2067 2071 -1
2067 2504 -1
2068 2504 -1
2069 2072 -1
2069 2503 1
2070 2073 -1
2070 2502 -1
2070 2504 -1
2071 2073 -1
2071 2502 -1
2071 2505 -1
2072 2505 -1
2073 2505 1
2074 2501 -1
2076 2079 1
2076 2089 -1
2076 2099 -1
2076 2501 -1
2077 2084 -1
2077 2085 -1
2077 2091 -1
2077 2094 -1
2077 2503 -1
2078 2082 -1
2078 2083 1
2078 2092 -1
2078 2093 -1
2078 2502 -1
2079 2080 1
2079 2081 1
2079 2084 1
2079 2089 -1
2079 2501 1
2079 2505 -1
2080 2087 -1
2081 2090 1
2081 2094 -1
2081 2504 1
2082 2088 1
2082 2093 1
2082 2094 1
2082 2099 1
2082 2100 -1
2083 2099 1
2083 2504 1
2084 2097 -1
2085 2089 -1
2085 2093 1
2085 2098 -1
2086 2089 1
2086 2095 1
2086 2097 -1
2086 2098 -1
2087 2096 -1
2087 2097 1
2087 2501 -1
2087 2505 1
2088 2097 -1
2088 2504 1
2088 2505 -1
2089 2094 -1
2089 2096 1
2089 2100 -1
2091 2096 1
2091 2504 1
2092 2097 1
2092 2504 1
2093 2505 1
2094 2097 -1
2094 2100 1
2094 2503 -1
2094 2504 1
2095 2098 1
2095 2502 -1
2096 2504 -1
2097 2100 1
2097 2501 -1
2097 2505 1
2098 2503 -1
2098 2504 1
2100 2502 -1
2100 2504 1
2101 2102 -1
2101 2113 1
2101 2114 1
2101 2116 -1
2101 2122 -1
2102 2107 -1
2102 2108 1
2102 2110 -1
2102 2111 1
2102 2115 1
2102 2503 1
2103 2117 1
2103 2122 -1
2104 2503 -1
2105 2122 -1
2105 2123 -1
2106 2111 -1
2106 2115 1
2106 2124 1
2106 2125 1
2107 2114 -1
2108 2115 1
2108 2117 -1
2108 2502 -1
2108 2503 -1
2108 2505 1
2109 2502 -1
2110 2112 1
2110 2114 -1
2110 2116 1
2110 2123 1
2110 2503 1
2111 2116 -1
2111 2125 1
2111 2501 -1
2111 2503 1
2112 2113 1
2112 2122 1
2112 2505 -1
2113 2114 1
2113 2118 1
2113 2120 -1
2113 2125 1
2113 2501 -1
2114 2115 1
2114 2505 1
2115 2503 -1
2115 2504 1
2116 2121 -1
2116 2505 1
2117 2118 -1
2117 2120 -1
2117 2123 -1
2117 2124 1
2118 2123 -1
2118 2504 -1
2118 2505 1
2119 2124 -1
2119 2501 -1
2119 2502 1
2119 2505 1
2120 2123 -1
2122 2125 1
2122 2502 -1
2123 2505 1
2126 2131 -1
2126 2135 1
2126 2147 -1
2126 2503 -1
2127 2130 -1
2127 2131 1
2127 2136 1
2127 2137 -1
2127 2139 -1
2127 2503 1
2128 2129 -1
2128 2137 -1
2128 2139 -1
2128 2146 -1
2128 2148 -1
2128 2504 -1
2129 2133 -1
2129 2134 1
2129 2138 1
2129 2140 -1
2129 2143 -1
2129 2144 -1
2129 2501 1
2129 2503 -1
2130 2140 1
2130 2141 1
2130 2145 1
2130 2146 -1
2130 2149 -1
2131 2135 -1
2131 2139 -1
2131 2142 1
2131 2501 1
2132 2138 1
2133 2146 1
2133 2502 1
2134 2137 -1
2135 2140 1
2135 2142 -1
2136 2143 -1
2136 2145 1
2136 2149 1
2136 2501 1
2136 2502 1
2136 2505 -1
2137 2144 -1
2137 2148 -1
2137 2502 1
2137 2503 -1
2138 2142 -1
2138 2143 1
2138 2145 1
2138 2149 1
2138 2501 -1
2138 2503 1
2139 2148 1
2139 2149 -1
2139 2503 -1
2139 2505 1
2140 2501 1
2141 2502 -1
2142 2503 1
2143 2502 -1
2144 2145 -1
2144 2150 -1
2144 2503 1
2144 2504 1
2146 2501 -1
2146 2504 1
2146 2505 1
2148 2501 -1
2149 2150 1
2149 2502 -1
2150 2501 -1
2151 2152 -1
2151 2158 -1
2151 2159 1
2151 2160 1
2151 2161 -1
2151 2170 1
2151 2171 1
2151 2174 -1
2152 2167 1
2152 2501 -1
2152 2503 -1
2152 2504 1
2153 2164 1
2153 2166 -1
2153 2168 1
2153 2172 -1
2153 2174 1
2153 2502 -1
2153 2503 -1
2153 2504 -1
2154 2157 1
2154 2159 -1
2154 2164 -1
2154 2165 -1
2154 2168 1
2154 2170 -1
2154 2175 1
2155 2158 -1
2155 2159 -1
2155 2160 -1
2155 2165 -1
2155 2170 -1
2155 2503 1
2156 2157 -1
2156 2160 -1
2156 2172 -1
2156 2175 -1
2157 2160 1
2157 2161 1
2157 2162 -1
2157 2165 -1
2157 2167 -1
2157 2168 -1
2157 2172 1
2157 2502 1
2157 2505 -1
2158 2160 1
2158 2171 1
2159 2173 1
2160 2166 1
2160 2503 1
2160 2505 -1
2161 2164 -1
2161 2166 -1
2161 2167 -1
2162 2167 -1
2162 2174 1
2163 2164 1
2163 2167 1
2163 2168 -1
2163 2173 1
2163 2175 -1
2163 2505 -1
2164 2503 1
2164 2505 1
2165 2166 -1
2165 2502 1
2166 2170 -1
2166 2171 1
2166 2173 -1
2166 2174 -1
2167 2174 1
2168 2171 -1
2168 2174 1
2168 2503 -1
2168 2504 1
2170 2501 1
2170 2502 -1
2170 2503 -1
2171 2502 -1
2171 2504 -1
2173 2501 1
2173 2502 1
2173 2503 1
2173 2505 -1
2174 2505 1
2175 2501 1
2176 2177 1
2176 2178 -1
2176 2200 -1
2177 2183 1
2177 2189 1
2177 2194 1
2177 2196 1
2177 2502 1
2177 2504 -1
2178 2182 -1
2178 2185 -1
2178 2192 1
2178 2195 1
2178 2501 1
2179 2189 1
2179 2196 1
2179 2198 1
2180 2194 -1
2180 2195 -1
2180 2196 1
2181 2186 -1
2181 2187 1
2181 2195 1
2181 2504 1
2182 2185 -1
2182 2189 1
2182 2193 -1
2182 2200 -1
2183 2189 -1
2183 2502 1
2184 2189 1
2184 2193 -1
2184 2195 1
2184 2196 1
2184 2197 1
2184 2502 -1
2184 2504 -1
2184 2505 1
2185 2503 -1
2186 2190 -1
2186 2502 1
2187 2199 -1
2187 2501 -1
2187 2503 1
2188 2198 -1
2188 2200 -1
2188 2502 1
2189 2193 -1
2189 2503 1
2189 2504 -1
2190 2194 -1
2190 2503 -1
2192 2194 1
2192 2195 -1
2192 2503 1
2192 2505 -1
2193 2194 1
2193 2198 1
2194 2196 -1
2194 2505 1
2195 2198 1
2196 2501 1
2196 2505 -1
2197 2503 -1
2198 2504 1
2198 2505 -1
2199 2502 1
2199 2503 1
2200 2504 1
2201 2211 1
2201 2502 -1
2201 2505 1
2202 2210 -1
2202 2213 -1
2202 2504 -1
2203 2206 1
2203 2211 -1
2203 2214 1
2203 2505 -1
2204 2205 -1
2204 2215 -1
2204 2220 -1
2204 2221 -1
2205 2217 1
2205 2225 -1
2206 2207 1
2206 2217 -1
2206 2502 1
2206 2505 1
2207 2211 -1
2207 2214 -1
2208 2214 -1
2208 2221 1
2208 2502 1
2208 2504 -1
2208 2505 -1
2209 2214 1
2209 2215 1
2209 2501 -1
2209 2502 1
2210 2216 -1
2210 2505 1
2211 2213 1
2211 2224 -1
2211 2504 1
2212 2504 -1
2213 2214 -1
2213 2215 1
2213 2216 1
2213 2503 -1
2214 2218 -1
2214 2223 1
2214 2501 -1
2214 2503 1
2215 2217 1
2215 2503 1
2216 2218 1
2216 2503 1
2217 2219 1
2218 2503 -1
2219 2224 -1
2219 2505 -1
2220 2504 -1
2221 2222 1
2221 2504 -1
2222 2224 -1
2222 2504 1
2223 2501 1
2224 2225 -1
2224 2501 1
2225 2502 -1
2225 2503 -1
2227 2236 1
2227 2240 1
2227 2501 1
2228 2232 -1
2228 2234 1
2228 2501 -1
2228 2505 -1
2229 2232 -1
2229 2233 -1
2230 2234 -1
2230 2236 1
2230 2238 -1
2230 2239 -1
2230 2241 -1
2230 2243 1
2230 2246 -1
2230 2250 -1
2231 2236 -1
2231 2237 -1
2231 2238 -1
2231 2239 -1
2231 2244 1
2232 2233 -1
2232 2235 -1
2232 2238 1
2232 2240 1
2232 2245 -1
2232 2247 1
2232 2504 -1
2233 2239 1
2233 2241 1
2233 2245 -1
2233 2246 1
2233 2505 -1
2234 2239 -1
2234 2241 -1
2234 2244 1
2234 2249 1
2234 2501 -1
2234 2503 -1
2234 2504 1
2234 2505 1
2235 2504 -1
2236 2239 1
2236 2240 1
2236 2250 -1
2236 2505 1
2237 2249 1
2238 2247 1
2239 2241 -1
2239 2246 -1
2239 2248 -1
2239 2249 1
2240 2242 1
2241 2249 1
2241 2503 -1
2241 2504 1
2242 2247 1
2242 2502 1
2242 2505 1
2243 2244 1
2243 2250 -1
2243 2502 1
2243 2504 -1
2244 2247 -1
2244 2502 1
2244 2503 1
2245 2503 -1
2245 2505 1
2246 2501 1
2246 2502 -1
2246 2505 1
2247 2249 1
2247 2504 -1
2249 2250 -1
2249 2503 1
2251 2253 1
2251 2254 1
2251 2256 1
2251 2257 -1
2251 2264 1
2251 2270 1
2251 2273 1
2251 2502 -1
2251 2505 1
2252 2253 -1
2252 2263 -1
2252 2271 1
2252 2274 1
2252 2501 1
2252 2505 1
2253 2255 -1
2253 2257 1
2253 2269 1
2253 2270 1
2253 2504 1
2254 2257 1
2254 2267 -1
2254 2504 -1
2254 2505 -1
2255 2267 1
2255 2271 1
2255 2272 -1
2256 2258 -1
2256 2259 -1
2256 2266 -1
2256 2272 -1
2256 2501 -1
2257 2264 -1
2257 2272 1
2257 2501 1
2258 2270 -1
2259 2260 -1
2259 2264 1
2259 2268 -1
2259 2272 -1
2259 2275 -1
2260 2262 1
2260 2275 -1
2260 2503 -1
2261 2262 -1
2261 2263 -1
2261 2264 -1
2261 2271 1
2261 2273 1
2262 2263 -1
2262 2265 -1
2262 2269 1
2262 2275 -1
2262 2502 -1
2262 2503 -1
2263 2270 -1
2263 2271 1
2263 2274 1
2264 2270 1
2264 2275 -1
2265 2267 1
2265 2274 -1
2266 2505 -1
2267 2270 -1
2267 2271 -1
2267 2272 1
2267 2505 1
2268 2501 -1
2268 2504 -1
2269 2273 1
2269 2274 1
2270 2271 1
2270 2273 -1
2270 2274 1
2271 2272 -1
2271 2502 1
2271 2505 1
2272 2275 1
2272 2503 1
2273 2501 1
2275 2501 -1
2275 2502 -1
2276 2501 1
2276 2502 -1
2277 2281 -1
2277 2282 -1
2277 2284 1
2277 2293 1
2277 2294 1
2277 2297 -1
2277 2505 -1
2278 2282 -1
2278 2294 1
2279 2295 1
2279 2297 -1
2279 2504 1
2280 2284 -1
2280 2285 -1
2280 2286 1
2280 2296 1
2280 2300 1
2281 2286 1
2281 2295 1
2281 2300 -1
2281 2501 -1
2281 2504 1
2282 2287 -1
2282 2288 -1
2282 2289 -1
2282 2298 1
2282 2503 -1
2283 2287 -1
2283 2294 1
2283 2501 1
2283 2505 1
2284 2289 1
2284 2293 1
2284 2300 -1
2284 2501 -1
2284 2502 1
2284 2505 1
2285 2288 1
2285 2299 -1
2285 2501 -1
2286 2288 -1
2286 2294 1
2286 2299 1
2286 2505 -1
2287 2290 1
2287 2292 1
2287 2295 -1
2288 2502 1
2288 2505 -1
2289 2292 -1
2290 2293 -1
2290 2294 1
2290 2296 1
2290 2300 -1
2290 2501 -1
2291 2297 -1
2291 2298 1
2291 2505 -1
2292 2294 -1
2292 2299 -1
2292 2504 -1
2293 2294 -1
2293 2295 1
2293 2502 -1
2294 2505 1
2296 2299 -1
2296 2300 1
2296 2502 -1
2297 2300 -1
2297 2503 1
2298 2501 -1
2299 2300 1
2301 2312 1
2301 2315 -1
2301 2317 -1
2301 2502 -1
2301 2503 1
2302 2315 -1
2303 2317 1
2304 2308 1
2304 2317 1
2304 2324 1
2304 2325 -1
2304 2502 1
2304 2503 -1
2305 2316 -1
2305 2319 1
2305 2320 -1
2305 2501 1
2305 2505 -1
2306 2315 1
2306 2316 1
2306 2502 1
2307 2309 1
2307 2311 1
2307 2314 -1
2307 2316 1
2307 2320 1
2308 2323 1
2308 2325 -1
2308 2503 1
2309 2311 -1
2309 2313 -1
2309 2316 -1
2310 2319 1
2311 2313 1
2311 2317 -1
2311 2325 1
2311 2502 -1
2312 2504 -1
2312 2505 1
2313 2323 1
2313 2502 -1
2314 2321 1
2314 2324 -1
2314 2501 -1
2315 2317 -1
2315 2321 1
2315 2323 1
2315 2324 -1
2315 2325 1
2316 2317 -1
2316 2318 1
2316 2505 1
2317 2320 1
2317 2325 -1
2317 2504 1
2318 2321 -1
2318 2324 -1
2318 2502 1
2319 2320 1
2320 2501 -1
2321 2503 -1
2322 2324 1
2322 2503 1
2324 2504 -1
2326 2332 1
2326 2501 1
2326 2505 1
2327 2328 1
2327 2334 1
2327 2337 -1
2327 2345 1
2328 2334 1
2328 2340 -1
2328 2342 -1
2328 2349 -1
2328 2502 1
2329 2339 1
2329 2349 -1
2329 2502 1
2330 2332 1
2330 2333 1
2330 2337 -1
2330 2346 1
2330 2501 1
2330 2502 1
2330 2505 -1
2331 2333 1
2331 2341 -1
2331 2503 -1
2332 2333 -1
2332 2349 1
2333 2335 1
2333 2347 -1
2333 2349 -1
2333 2350 -1
2334 2342 1
2334 2347 1
2335 2340 -1
2335 2342 -1
2335 2504 1
2336 2341 1
2336 2344 -1
2336 2503 1
2336 2504 -1
2336 2505 1
2337 2338 1
2337 2342 1
2337 2343 -1
2337 2347 -1
2337 2349 1
2337 2505 -1
2338 2339 1
2338 2347 -1
2338 2503 1
2339 2350 1
2339 2501 1
2339 2503 1
2340 2501 1
2341 2501 -1
2341 2504 1
2342 2344 1
2342 2503 -1
2343 2350 1
2344 2346 1
2344 2350 -1
2346 2503 1
2346 2504 -1
2348 2505 -1
2351 2352 1
2351 2353 1
2351 2354 1
2351 2358 1
2351 2366 -1
2351 2371 -1
2351 2374 1
2352 2357 -1
2352 2358 1
2352 2364 1
2352 2366 -1
2352 2373 1
2352 2375 -1
2352 2504 -1
2352 2505 1
2353 2359 -1
2353 2361 -1
2353 2368 1
2353 2371 1
2353 2501 -1
2353 2503 1
2354 2357 -1
2354 2361 -1
2354 2362 -1
2354 2365 -1
2354 2372 1
2355 2372 1
2355 2375 -1
2355 2505 -1
2356 2359 1
2356 2371 -1
2356 2504 -1
2357 2361 -1
2357 2365 -1
2357 2366 1
2357 2501 -1
2357 2503 -1
2358 2503 1
2359 2368 -1
2359 2370 1
2359 2371 -1
2359 2375 -1
2360 2364 -1
2360 2369 1
2360 2375 -1
2360 2501 -1
2360 2502 -1
2361 2369 1
2361 2372 -1
2361 2502 1
2361 2503 -1
2361 2504 1
2362 2369 1
2362 2374 -1
2362 2504 1
2362 2505 1
2363 2374 1
2363 2502 1
2363 2503 -1
2364 2502 1
2364 2504 1
2365 2367 1
2365 2501 -1
2366 2505 1
2367 2502 1
2367 2504 1
2368 2373 -1
2369 2373 -1
2369 2503 -1
2370 2371 1
2370 2375 1
2370 2505 -1
2371 2375 1
2372 2373 1
2372 2505 1
2374 2501 1
2374 2502 1
2374 2505 -1
2376 2380 -1
2376 2381 -1
2376 2386 1
2376 2387 1
2376 2397 1
2376 2399 1
2376 2505 1
2377 2386 -1
2377 2388 1
2377 2394 1
2377 2395 -1
2377 2397 -1
2377 2399 1
2377 2501 -1
2377 2504 -1
2378 2395 -1
2378 2396 -1
2378 2400 1
2379 2382 1
2379 2388 -1
2379 2396 1
2380 2381 -1
2380 2386 1
2380 2387 1
2380 2391 1
2380 2397 -1
2380 2501 -1
2380 2502 -1
2381 2392 -1
2382 2387 1
2382 2390 -1
2382 2398 -1
2382 2504 -1
2382 2505 1
2383 2386 -1
2383 2387 -1
2383 2395 1
2383 2397 -1
2383 2398 1
2384 2391 -1
2384 2393 -1
2385 2391 -1
2385 2392 -1
2385 2394 -1
2385 2396 1
2385 2501 -1
2385 2503 -1
2386 2391 -1
2386 2393 1
2386 2394 -1
2386 2398 -1
2386 2501 1
2387 2400 1
2387 2505 -1
2388 2391 1
2388 2396 1
2388 2504 1
2390 2502 -1
2391 2393 1
2392 2399 -1
2393 2395 -1
2393 2400 1
2393 2505 -1
2394 2400 1
2395 2396 1
2395 2400 -1
2395 2503 -1
2397 2399 -1
2397 2501 1
2397 2502 -1
2397 2504 1
2398 2502 -1
2401 2412 1
2401 2418 -1
2401 2425 1
2401 2501 -1
2402 2407 1
2402 2409 1
2402 2411 1
2402 2416 -1
2402 2417 -1
2402 2502 1
2402 2503 1
2403 2407 -1
2403 2409 -1
2404 2501 1
2404 2502 1
2405 2407 1
2405 2409 -1
2405 2418 -1
2406 2419 1
2406 2422 -1
2407 2408 -1
2407 2414 1
2407 2415 -1
2407 2502 -1
2407 2504 -1
2407 2505 1
2408 2411 1
2408 2417 -1
2408 2419 -1
2408 2425 1
2408 2505 -1
2409 2418 1
2409 2421 -1
2409 2503 -1
2410 2411 1
2410 2414 -1
2410 2422 1
2410 2501 1
2412 2421 1
2412 2501 -1
2413 2416 1
2413 2420 1
2413 2421 -1
2413 2503 -1
2413 2505 1
2414 2416 1
2414 2418 -1
2414 2502 1
2415 2501 -1
2416 2420 1
2416 2502 -1
2416 2504 1
2418 2420 -1
2418 2423 1
2418 2503 -1
2418 2505 -1
2419 2421 1
2419 2424 -1
2419 2502 1
2420 2502 -1
2421 2501 1
2421 2505 -1
2422 2504 -1
2423 2501 1
2424 2502 1
2424 2503 -1
2426 2428 -1
2426 2429 1
2426 2440 -1
2426 2446 -1
2427 2501 1
2427 2504 1
2427 2505 -1
2428 2431 -1
2428 2435 1
2428 2440 -1
2428 2443 1
2428 2444 1
2428 2505 1
2429 2434 -1
2429 2435 -1
2429 2439 -1
2429 2440 -1
2430 2432 1
2430 2437 1
2430 2450 1
2430 2501 -1
2431 2441 1
2432 2441 1
2432 2445 -1
2432 2449 -1
2432 2504 -1
2433 2435 1
2433 2442 -1
2433 2450 1
2434 2444 -1
2434 2445 -1
2434 2501 -1
2434 2503 -1
2434 2505 1
2435 2441 -1
2435 2502 1
2435 2504 1
2436 2437 -1
2436 2440 1
2436 2442 -1
2436 2444 1
2436 2445 1
2437 2444 1
2438 2442 1
2438 2447 1
2438 2504 1
2439 2447 -1
2439 2449 1
2439 2502 1
2440 2444 1
2440 2446 -1
2440 2447 -1
2440 2502 1
2441 2444 -1
2441 2501 1
2442 2446 1
2443 2444 1
2443 2445 1
2443 2449 -1
2443 2504 1
2444 2504 1
2445 2450 -1
2445 2504 1
2446 2450 1
2446 2502 1
2446 2504 1
2447 2502 -1
2449 2501 1
2449 2502 1
2449 2503 -1
2450 2502 1
2450 2505 -1
2451 2455 1
2451 2461 -1
2451 2463 -1
2451 2467 -1
2451 2502 1
2451 2503 -1
2452 2456 1
2452 2458 -1
2452 2460 1
2452 2472 -1
2453 2459 -1
2453 2464 1
2453 2473 -1
2453 2504 1
2454 2469 1
2454 2474 1
2454 2505 1
2455 2465 1
2455 2501 -1
2455 2503 -1
2456 2464 -1
2456 2469 -1
2456 2471 -1
2456 2472 1
2456 2475 1
2457 2459 1
2457 2465 1
2457 2467 -1
2457 2468 1
2457 2469 1
2457 2472 -1
2457 2501 -1
2457 2505 1
2458 2464 -1
2458 2467 -1
2458 2471 1
2458 2473 -1
2458 2503 1
2459 2461 1
2459 2463 1
2459 2468 1
2459 2473 -1
2459 2474 1
2459 2475 1
2460 2469 1
2460 2470 -1
2460 2472 1
2460 2503 -1
2461 2470 -1
2461 2471 -1
2461 2505 -1
2462 2501 1
2462 2503 -1
2463 2466 -1
2463 2469 1
2463 2502 1
2463 2504 1
2464 2466 -1
2464 2502 -1
2464 2504 1
2465 2475 -1
2465 2501 -1
2466 2467 -1
2466 2470 1
2466 2471 -1
2466 2501 1
2466 2502 -1
2467 2503 1
2467 2505 -1
2468 2473 -1
2468 2475 1
2468 2502 1
2470 2472 -1
2470 2503 1
2471 2472 1
2471 2475 1
2472 2503 1
2473 2474 1
2473 2501 1
2473 2503 1
2474 2505 -1
2476 2480 -1
2476 2481 -1
2476 2483 -1
2476 2487 -1
2476 2504 1
2477 2482 1
2477 2493 -1
2477 2500 -1
2477 2503 -1
2478 2486 1
2478 2492 -1
2478 2505 -1
2479 2484 -1
2479 2485 -1
2479 2496 1
2480 2486 -1
2480 2492 -1
2480 2494 1
2481 2483 -1
2481 2490 -1
2481 2502 1
2482 2485 1
2482 2498 1
2483 2489 1
2483 2493 -1
2483 2499 -1
2483 2500 -1
2484 2485 1
2484 2486 -1
2484 2490 1
2484 2494 -1
2485 2489 1
2485 2496 1
2485 2498 -1
2485 2502 -1
2486 2487 -1
2486 2493 -1
2486 2504 1
2487 2494 1
2487 2499 -1
2487 2501 1
2487 2503 1
2488 2493 -1
2488 2500 -1
2488 2503 -1
2489 2496 1
2489 2497 1
2489 2498 1
2490 2497 1
2490 2501 -1
2490 2503 1
2490 2504 1
2491 2494 -1
2491 2495 1
2491 2498 1
2492 2501 -1
2492 2504 1
2492 2505 1
2493 2496 1
2493 2499 -1
2493 2502 -1
2493 2504 1
2496 2497 1
2496 2501 1
2496 2502 -1
2496 2503 1
2497 2501 -1
2497 2502 -1
2497 2503 1
2498 2500 1
2499 2500 1
2500 2502 -1
2500 2505 1
2501 2505 1
2502 2505 -1
2503 2504 1
