1505 4874
1 7 -1
1 12 1
1 19 1
1 20 1
2 3 1
2 4 1
2 8 -1
2 11 -1
2 22 1
2 1502 1
2 1504 -1
3 13 1
3 23 -1
3 25 1
4 6 -1
4 7 1
4 20 1
4 24 1
4 25 -1
4 1501 -1
4 1502 1
5 18 -1
5 1502 1
5 1504 -1
6 9 -1
6 10 -1
6 25 -1
6 1502 1
6 1505 -1
7 9 -1
7 11 -1
7 1502 -1
7 1504 1
7 1505 -1
8 13 1
8 14 1
8 16 1
8 1501 1
8 1502 -1
8 1505 -1
9 10 -1
9 11 -1
9 1503 -1
10 11 1
10 13 -1
10 23 -1
10 1503 1
11 17 -1
11 1503 1
12 21 -1
12 1505 -1
13 19 1
13 1501 -1
13 1502 -1
13 1505 -1
14 1503 1
15 20 -1
15 1502 -1
15 1503 -1
15 1505 1
16 21 -1
16 24 -1
16 1503 1
16 1504 1
17 19 1
17 21 1
17 1501 1
17 1502 1
17 1503 1
18 1505 1
20 1501 1
21 23 1
21 1504 1
21 1505 -1
22 1501 1
22 1502 1
22 1503 1
24 1501 -1
24 1505 1
25 1501 -1
26 27 1
26 28 -1
26 33 -1
26 39 -1
26 40 -1
26 41 1
26 49 1
26 1505 -1
27 37 -1
27 40 1
27 44 -1
27 45 1
27 46 1
27 50 -1
27 1505 -1
28 39 -1
28 1501 -1
29 34 -1
29 48 -1
29 1501 -1
30 37 -1
30 48 1
30 49 1
30 1501 -1
30 1502 1
30 1503 1
31 32 1
31 44 -1
31 47 1
31 1503 -1
31 1505 1
32 35 1
32 39 -1
32 46 -1
32 1505 1
33 41 -1
33 47 1
33 1503 -1
33 1504 1
33 1505 1
34 43 -1
34 44 1
34 50 1
34 1502 -1
35 39 1
35 48 -1
36 43 1
36 44 -1
36 46 1
36 48 1
36 1502 1
36 1503 1
36 1504 -1
36 1505 -1
38 46 1
38 49 -1
38 1501 1
38 1504 -1
39 1501 -1
39 1503 1
39 1505 -1
40 43 1
40 45 -1
40 1503 1
40 1504 1
40 1505 -1
41 43 1
41 45 -1
41 1504 -1
42 1503 1
43 47 -1
43 49 -1
43 1501 1
43 1504 1
44 46 -1
44 49 -1
44 1502 -1
44 1503 -1
45 48 1
45 1501 -1
45 1502 1
45 1503 -1
45 1504 1
46 47 1
46 1503 -1
47 1501 1
47 1502 -1
47 1504 -1
47 1505 -1
48 50 1
48 1503 1
49 1501 -1
49 1502 1
49 1505 1
50 1504 1
51 64 1
51 65 1
51 67 1
51 70 1
51 1501 1
51 1505 -1
52 60 -1
52 64 -1
52 67 1
52 1502 1
53 59 1
53 61 -1
53 63 -1
53 64 -1
53 1501 -1
53 1505 1
54 73 1
54 1501 -1
55 56 -1
55 59 -1
55 74 1
55 1503 1
56 64 -1
56 68 1
56 74 1
56 1505 1
57 58 1
57 61 1
57 66 1
57 72 -1
57 74 1
57 1501 1
58 59 1
58 62 1
58 65 -1
58 68 -1
58 71 1
58 72 -1
58 73 1
58 1505 -1
59 62 1
59 64 -1
59 65 -1
59 66 1
59 1503 1
60 72 -1
60 1504 1
61 1502 1
62 66 -1
62 72 1
62 1503 1
63 65 -1
63 72 1
63 75 -1
64 65 -1
64 67 -1
64 1501 1
64 1503 1
65 1505 -1
66 68 1
66 70 1
66 1503 -1
67 68 -1
67 69 1
67 70 -1
67 71 -1
67 1505 1
68 69 -1
68 75 -1
69 70 -1
69 1503 1
70 1501 -1
71 72 1
71 1504 -1
73 75 -1
73 1502 -1
73 1503 1
74 75 1
74 1502 1
74 1503 1
76 77 1
76 84 -1
76 94 -1
76 100 1
76 1501 -1
76 1504 1
77 86 1
77 1504 1
78 87 1
78 88 1
78 1501 1
79 83 -1
79 92 1
79 93 1
79 1501 -1
79 1503 -1
80 86 1
80 97 -1
80 1502 -1
80 1504 1
80 1505 1
81 83 1
81 86 -1
81 90 1
81 1503 1
81 1505 1
82 86 -1
82 100 1
82 1503 1
82 1504 -1
83 1502 -1
83 1503 1
84 85 -1
84 88 1
84 91 -1
84 1503 -1
84 1504 1
84 1505 -1
85 89 -1
85 93 -1
85 95 1
85 1501 1
85 1502 -1
85 1503 1
86 90 1
86 91 -1
86 96 -1
86 1502 -1
86 1504 -1
86 1505 1
87 92 1
87 95 1
87 1501 -1
87 1504 -1
87 1505 1
88 89 -1
88 1501 1
88 1502 1
89 93 -1
89 94 -1
89 96 1
89 100 -1
89 1502 1
89 1503 -1
90 92 1
90 96 1
91 97 -1
91 99 -1
91 1505 -1
92 93 1
92 1503 -1
92 1505 1
93 95 1
93 1502 -1
94 1502 -1
94 1503 1
95 1501 1
96 1503 1
97 1501 1
97 1502 1
98 1503 -1
100 1501 -1
100 1505 -1
101 103 1
101 104 1
101 108 -1
101 113 1
101 118 1
101 119 1
101 1501 -1
102 104 -1
102 105 1
102 109 1
102 110 -1
102 113 1
102 118 -1
102 1501 1
102 1502 -1
103 114 1
103 117 -1
103 124 -1
104 107 1
104 110 -1
104 111 1
104 116 -1
104 122 -1
104 125 1
104 1501 -1
105 107 -1
105 110 1
105 112 -1
105 113 -1
105 121 -1
105 1504 1
106 107 -1
106 108 -1
106 109 -1
106 123 -1
106 125 -1
106 1501 -1
106 1503 1
106 1504 -1
106 1505 1
107 108 1
107 111 -1
107 125 -1
107 1502 -1
107 1503 -1
107 1505 1
108 112 1
108 1501 1
108 1503 -1
108 1504 -1
109 111 -1
109 112 1
109 122 -1
109 1501 1
109 1504 -1
110 120 -1
110 122 -1
110 123 -1
110 1501 1
110 1502 -1
110 1504 1
112 115 -1
112 118 -1
112 1504 1
113 123 -1
113 1502 1
114 122 -1
114 1505 -1
115 116 -1
115 119 -1
115 1501 -1
115 1503 1
115 1504 -1
116 118 1
116 121 -1
116 1501 -1
117 123 1
117 1501 -1
117 1505 1
118 121 -1
118 122 -1
118 1501 -1
118 1503 1
118 1505 1
119 1501 1
119 1503 1
119 1504 -1
120 1501 -1
120 1505 1
122 125 -1
123 1502 1
123 1504 1
123 1505 1
124 1502 1
124 1505 -1
125 1503 1
125 1505 -1
126 128 -1
126 137 -1
126 138 1
126 146 -1
126 1505 1
127 137 1
127 143 1
127 1502 1
127 1503 1
128 134 -1
128 142 -1
128 144 -1
128 146 1
129 134 -1
129 139 -1
129 144 -1
129 1503 1
129 1505 -1
130 135 -1
130 141 1
130 148 -1
130 150 1
130 1504 -1
131 139 1
131 140 -1
131 141 1
131 143 -1
131 144 -1
131 145 1
131 148 1
131 149 -1
131 1505 -1
132 134 1
132 140 1
132 141 1
132 1501 1
132 1504 1
132 1505 -1
133 141 -1
133 144 1
133 147 -1
133 1503 -1
134 147 -1
134 148 1
134 150 -1
134 1504 1
135 136 1
135 149 1
135 1504 1
136 145 -1
136 146 1
136 1501 1
136 1503 1
137 142 1
137 145 1
137 150 -1
137 1501 1
138 140 -1
138 143 1
138 147 1
138 148 -1
138 1501 -1
138 1503 -1
138 1504 -1
139 148 -1
139 1504 1
140 148 1
140 1502 1
140 1504 -1
141 146 -1
142 1502 -1
142 1505 1
143 1501 -1
143 1503 1
144 1502 -1
146 149 -1
146 1505 1
148 1505 -1
150 1503 -1
150 1504 -1
151 168 1
151 1501 -1
151 1502 1
152 162 1
152 171 1
152 1501 -1
152 1502 -1
152 1503 -1
153 156 -1
153 1503 1
153 1504 1
154 157 -1
154 1501 1
154 1503 -1
155 157 -1
155 162 1
155 171 -1
155 174 1
155 1503 1
155 1504 1
155 1505 1
156 1501 -1
156 1503 -1
157 159 -1
157 168 1
157 171 -1
157 172 1
157 173 1
157 1503 -1
158 159 1
158 170 -1
158 175 -1
158 1501 -1
158 1502 -1
158 1504 -1
159 165 -1
160 161 1
160 166 1
160 1501 1
160 1504 1
161 164 1
162 172 -1
162 175 -1
163 164 -1
163 166 1
163 171 -1
163 1502 1
164 173 -1
164 175 -1
164 1501 1
164 1504 -1
164 1505 -1
165 1503 1
166 1501 1
166 1505 -1
167 171 1
167 175 1
167 1502 1
167 1503 -1
168 175 1
168 1502 1
168 1503 1
169 1503 1
170 171 -1
170 173 -1
170 175 1
171 172 -1
171 1503 1
172 1501 -1
172 1504 -1
172 1505 1
174 1505 1
175 1502 -1
175 1504 -1
176 193 1
176 197 1
176 1501 -1
176 1502 1
176 1504 1
177 178 1
177 181 -1
177 182 1
177 194 1
177 1501 -1
178 179 -1
178 181 1
178 197 -1
178 198 -1
178 1502 -1
178 1504 1
178 1505 1
179 187 1
179 199 -1
179 1502 -1
180 185 -1
180 187 1
180 197 1
180 1503 -1
181 185 -1
181 188 -1
181 189 1
181 195 -1
181 200 -1
181 1502 1
181 1504 -1
182 187 1
182 189 1
182 191 1
182 197 -1
182 198 1
182 1505 -1
183 191 1
183 192 1
183 193 -1
183 194 1
183 195 -1
183 200 1
183 1502 1
183 1504 1
184 187 -1
184 193 -1
184 200 -1
184 1504 1
185 186 -1
185 191 1
185 198 -1
185 1501 -1
185 1504 -1
186 188 -1
186 190 1
186 191 -1
186 196 -1
186 198 -1
186 199 1
186 1502 1
187 191 -1
187 192 1
188 193 1
188 196 -1
188 199 1
188 1505 1
189 1501 1
189 1503 -1
190 197 -1
190 200 1
190 1502 1
190 1504 -1
191 193 1
191 196 1
191 1503 -1
192 193 1
192 1503 1
193 200 1
193 1502 -1
193 1503 1
193 1504 1
194 198 -1
194 1501 1
194 1503 -1
195 1505 1
196 199 -1
196 200 -1
198 1502 1
198 1503 1
200 1504 1
200 1505 1
201 207 -1
201 215 1
202 206 -1
202 214 1
202 215 1
202 223 1
203 206 1
204 208 -1
204 1502 1
204 1505 1
205 210 1
205 218 -1
205 1501 1
205 1503 1
205 1505 1
206 207 1
206 211 1
206 214 -1
206 215 1
206 223 1
206 224 1
207 211 -1
207 218 1
207 1502 -1
208 219 -1
209 212 1
209 216 -1
209 1502 -1
209 1504 -1
209 1505 1
210 213 1
210 1503 -1
210 1505 1
211 212 -1
211 217 1
211 224 1
212 223 -1
212 224 -1
212 1501 -1
213 216 1
213 218 1
213 219 -1
213 222 -1
213 1504 1
214 216 -1
214 217 1
214 1505 1
215 217 1
215 224 -1
215 1502 -1
215 1503 -1
216 1503 1
217 218 1
217 219 -1
217 224 1
218 225 -1
218 1502 -1
220 1501 1
221 1501 1
221 1502 1
221 1504 1
222 1502 1
224 1502 1
225 1502 -1
226 230 -1
226 233 -1
226 236 1
226 237 1
226 239 -1
226 244 -1
226 246 -1
226 1501 1
227 231 -1
227 232 -1
227 236 1
227 244 1
227 248 -1
227 1501 1
228 231 -1
228 237 -1
228 244 1
228 246 -1
228 1501 -1
229 235 1
229 246 -1
229 1505 1
230 245 1
230 1503 1
230 1505 1
231 236 1
231 240 1
231 245 1
231 247 1
231 249 -1
231 1502 -1
231 1504 1
232 233 1
232 238 -1
232 239 -1
232 242 -1
232 243 -1
232 1502 1
232 1503 1
232 1504 -1
232 1505 -1
233 234 1
233 237 -1
233 241 1
233 245 1
233 250 -1
233 1501 1
233 1502 1
233 1503 1
233 1504 -1
234 244 -1
234 248 -1
234 1505 -1
235 244 -1
235 247 1
235 1505 -1
236 242 1
237 242 -1
237 244 -1
237 249 1
237 1503 -1
238 240 -1
238 242 1
238 247 -1
238 248 -1
238 250 -1
238 1501 1
239 241 -1
239 243 1
239 1502 -1
239 1504 1
239 1505 -1
240 242 -1
240 243 1
240 1502 1
241 1501 1
241 1502 -1
242 245 1
242 249 1
242 1504 -1
243 245 1
243 1501 1
243 1504 1
243 1505 -1
244 246 -1
244 250 1
245 249 -1
246 249 -1
247 1502 1
248 250 1
249 1502 -1
250 1504 1
251 260 -1
251 270 1
251 274 1
251 1504 -1
252 254 -1
252 262 1
252 263 -1
252 264 -1
252 266 1
252 272 -1
252 273 -1
252 1501 -1
253 255 1
253 275 1
253 1505 1
254 258 -1
254 275 1
255 256 1
255 257 1
255 261 -1
255 265 1
255 270 -1
255 1503 -1
255 1505 -1
256 258 -1
256 260 1
256 1501 1
257 271 1
257 1504 -1
257 1505 1
258 261 -1
258 267 -1
258 1501 1
258 1505 1
259 265 -1
259 1501 -1
259 1503 1
260 261 -1
260 264 1
260 266 -1
260 1502 -1
261 268 -1
261 1502 -1
261 1503 1
261 1505 1
262 1502 1
262 1503 1
263 265 1
263 274 1
263 275 -1
263 1503 -1
264 275 -1
264 1503 1
264 1505 1
265 1502 -1
265 1504 -1
266 269 1
266 1504 1
267 269 1
267 1503 1
268 272 1
268 275 -1
268 1502 -1
268 1503 -1
269 274 -1
269 1505 1
270 274 1
270 1504 -1
271 274 -1
271 1504 1
271 1505 1
272 274 1
274 1501 -1
274 1502 -1
274 1503 1
275 1503 -1
276 277 -1
276 280 -1
276 282 1
276 286 -1
276 291 1
276 1503 -1
276 1504 -1
276 1505 -1
277 279 -1
277 282 -1
277 298 1
277 1503 1
277 1505 1
278 285 -1
278 300 1
279 287 1
279 288 1
279 289 -1
279 1501 1
280 288 1
280 290 -1
280 294 -1
280 1505 -1
281 287 -1
281 288 1
281 296 -1
282 285 1
282 290 1
282 295 1
283 285 1
283 290 -1
283 292 1
283 295 -1
283 299 -1
283 1503 1
283 1505 1
284 1501 1
284 1502 -1
285 294 1
285 295 1
285 297 -1
285 1501 -1
285 1503 1
285 1504 -1
286 290 -1
286 292 -1
286 296 1
286 1502 -1
287 1501 -1
287 1504 -1
288 291 1
288 294 -1
288 298 -1
288 299 1
288 1505 1
289 297 -1
289 298 1
289 300 -1
289 1505 -1
290 297 1
290 1504 1
291 293 1
291 297 -1
292 295 -1
292 1501 -1
292 1502 1
292 1505 -1
293 299 -1
293 1502 -1
293 1504 1
294 295 1
294 1501 1
294 1505 -1
295 1504 1
296 1502 -1
296 1504 -1
297 300 1
298 1502 -1
298 1504 -1
299 300 -1
299 1501 1
299 1503 -1
300 1502 1
301 303 -1
301 312 -1
301 321 -1
301 322 1
301 323 -1
301 1503 1
301 1504 1
301 1505 1
302 309 -1
302 311 -1
302 312 -1
302 1503 -1
302 1504 -1
303 307 -1
303 315 1
303 1503 1
304 311 1
304 322 1
304 1503 1
304 1505 -1
305 310 -1
305 311 -1
305 1501 1
306 314 -1
306 315 1
306 1501 1
306 1503 1
306 1505 1
307 311 1
307 313 -1
307 317 -1
307 318 1
307 1504 -1
308 311 -1
308 315 -1
308 318 1
308 1501 1
308 1502 1
308 1504 -1
309 320 1
309 1502 -1
310 315 1
310 316 -1
310 320 1
310 321 1
310 322 1
310 1503 1
311 312 -1
311 313 -1
311 314 1
311 325 -1
312 315 1
312 321 -1
312 324 -1
312 1501 1
313 316 -1
313 323 1
313 325 -1
314 316 -1
314 318 -1
314 323 -1
314 324 -1
314 1501 1
314 1503 -1
315 321 -1
315 324 -1
316 321 1
316 1503 -1
317 320 -1
317 321 1
317 1501 1
317 1505 -1
318 325 1
318 1503 -1
318 1504 1
318 1505 1
319 322 1
319 1502 -1
320 1505 -1
321 1501 1
321 1502 -1
321 1503 -1
322 325 -1
322 1505 1
323 1501 1
323 1503 1
324 1505 -1
325 1501 -1
326 327 1
326 329 1
326 330 1
326 331 1
326 335 -1
326 1505 -1
327 328 -1
327 329 1
327 335 1
327 336 -1
327 339 -1
327 1502 -1
327 1505 1
328 337 -1
328 340 -1
328 342 1
329 335 1
329 336 1
329 343 -1
329 347 1
329 1501 -1
330 336 -1
330 337 1
330 1503 -1
331 335 1
331 341 -1
331 345 -1
331 1501 -1
332 1505 1
333 337 1
333 339 -1
333 344 1
333 345 -1
333 1502 -1
334 335 1
334 337 1
334 339 1
334 340 -1
335 341 1
335 343 1
335 1501 1
335 1504 1
336 338 1
336 344 -1
336 346 1
336 348 1
336 350 -1
336 1504 1
337 342 1
337 1502 -1
338 341 1
338 343 1
338 345 1
338 1501 1
338 1504 1
339 342 1
339 350 1
339 1501 1
339 1502 1
340 1501 -1
340 1503 -1
341 349 -1
342 345 -1
342 350 1
342 1501 -1
343 347 -1
343 349 1
343 1503 -1
343 1504 1
344 349 -1
344 350 1
344 1501 -1
344 1502 -1
345 1502 1
345 1505 1
347 348 -1
348 1501 1
348 1502 1
349 1502 1
350 1501 -1
350 1502 1
350 1503 -1
350 1504 1
351 357 1
351 372 1
351 1504 -1
352 353 1
352 356 1
352 357 -1
352 362 1
352 367 -1
352 370 1
353 365 1
353 366 1
353 1502 -1
354 358 1
354 368 -1
354 1501 -1
354 1504 1
354 1505 -1
355 372 -1
355 373 -1
356 372 1
356 1502 1
356 1505 1
357 360 -1
357 1503 1
358 370 1
358 373 -1
359 362 -1
359 373 -1
359 374 -1
359 375 1
360 366 -1
360 373 1
361 370 1
361 373 1
361 1503 1
362 369 -1
363 372 1
363 1502 -1
363 1505 1
364 370 1
364 372 -1
364 1502 -1
366 367 -1
366 375 1
366 1502 -1
366 1503 1
366 1504 -1
367 368 1
367 369 1
367 1501 -1
367 1502 1
368 370 1
370 373 -1
370 1503 -1
370 1505 1
371 373 1
371 374 1
371 1501 -1
372 374 1
372 1501 1
372 1502 1
373 1501 -1
374 1503 1
374 1504 1
375 1502 -1
376 384 -1
376 386 1
376 392 -1
376 399 1
376 400 1
377 389 1
377 391 -1
377 393 1
377 1503 1
377 1505 1
378 379 1
378 381 -1
378 387 1
378 391 -1
378 393 1
378 1501 -1
379 389 -1
379 400 1
379 1503 -1
380 381 -1
380 385 -1
380 386 1
380 389 1
380 396 -1
380 397 1
380 398 -1
380 399 -1
380 1502 -1
380 1505 -1
381 383 -1
381 384 1
381 385 -1
381 386 -1
381 389 1
381 390 -1
381 1505 1
382 384 1
382 388 -1
382 1501 1
383 392 1
383 393 1
383 1501 -1
384 394 -1
385 397 -1
385 398 1
385 1501 1
385 1502 1
386 390 -1
386 393 -1
386 394 1
386 396 1
386 1501 1
387 388 -1
387 389 1
387 1501 -1
388 391 -1
388 395 1
388 1502 1
388 1503 1
389 1504 1
390 395 -1
390 400 1
390 1504 -1
391 394 1
392 1504 1
393 396 1
393 399 1
393 1502 1
394 400 -1
394 1503 -1
394 1505 -1
395 396 -1
395 1505 1
396 399 -1
396 1505 -1
397 1501 -1
397 1504 -1
398 1501 1
399 1501 -1
399 1503 -1
399 1504 1
400 1505 -1
401 404 1
401 407 1
401 409 -1
401 412 -1
401 417 -1
401 422 1
401 1503 -1
402 407 1
402 422 1
402 1505 1
403 420 1
403 1503 -1
403 1505 -1
404 410 -1
404 419 -1
404 425 1
404 1502 -1
405 419 -1
405 1502 1
405 1503 1
406 414 -1
406 416 1
406 1502 1
406 1503 -1
406 1505 -1
407 408 1
407 422 -1
407 424 -1
407 425 1
407 1503 -1
407 1504 1
408 409 -1
408 412 -1
408 415 1
408 423 -1
408 424 1
408 1502 1
408 1504 1
408 1505 1
409 424 -1
409 1503 1
409 1505 -1
410 412 -1
410 416 -1
410 1504 -1
410 1505 1
411 414 -1
411 416 1
411 419 1
411 423 1
411 1502 -1
411 1503 -1
411 1504 1
412 418 -1
412 419 1
412 422 -1
412 1502 -1
413 414 1
413 416 1
413 421 1
413 424 1
413 1501 -1
413 1502 1
414 1501 -1
414 1503 1
415 417 -1
415 419 1
415 420 1
415 424 -1
416 419 1
416 424 1
416 425 1
416 1501 -1
416 1503 -1
417 418 1
418 422 1
418 1501 -1
420 421 -1
420 422 -1
420 1502 -1
420 1503 -1
420 1504 -1
420 1505 -1
421 423 1
421 425 1
421 1503 -1
422 1502 1
423 425 1
423 1502 -1
423 1503 1
423 1505 -1
424 1503 -1
425 1503 1
425 1505 1
426 432 1
426 438 -1
426 440 -1
426 445 -1
426 447 1
426 449 1
426 1502 -1
427 433 1
427 436 -1
427 450 -1
428 430 1
428 431 -1
428 437 1
428 1503 -1
429 440 1
429 441 1
429 445 1
429 449 -1
429 1503 1
429 1504 1
429 1505 -1
430 433 -1
430 440 -1
430 447 1
430 1504 -1
431 439 1
431 441 -1
431 447 -1
431 450 1
431 1502 1
432 441 1
433 435 -1
433 442 -1
433 447 1
433 1502 -1
433 1504 -1
434 1501 1
434 1502 1
435 1502 -1
435 1503 -1
436 440 1
436 441 1
436 443 -1
436 1504 -1
437 1502 1
437 1504 -1
438 441 1
438 443 1
438 449 -1
438 450 1
439 446 -1
439 448 1
439 450 -1
439 1505 1
440 443 1
440 1502 -1
441 1503 1
442 448 1
443 446 -1
443 1501 -1
443 1505 -1
444 448 -1
445 448 1
445 1504 -1
445 1505 1
446 448 1
446 1503 -1
448 1503 1
449 1502 1
449 1505 -1
451 454 1
451 464 1
452 474 -1
452 1501 1
452 1504 -1
453 464 1
453 467 1
453 468 1
453 475 1
453 1505 1
454 465 1
454 1501 1
454 1503 1
454 1504 -1
454 1505 -1
455 1501 1
456 462 -1
456 471 -1
456 473 -1
456 1502 1
456 1504 1
457 460 1
457 1504 -1
458 463 -1
458 464 1
458 468 1
458 471 -1
458 474 1
458 475 -1
458 1501 1
458 1505 -1
459 464 1
459 468 -1
459 470 -1
459 1502 -1
460 463 1
460 465 -1
460 475 -1
461 466 1
461 474 -1
461 1501 1
462 1501 1
462 1504 1
463 464 1
463 470 1
464 474 1
464 1503 -1
465 1501 -1
465 1505 1
466 470 1
466 1505 1
467 472 -1
467 1503 1
468 475 1
469 470 -1
469 1502 -1
469 1505 1
470 472 1
471 1501 1
471 1503 -1
471 1505 1
473 475 1
473 1501 -1
473 1502 -1
473 1503 -1
474 1503 -1
475 1504 1
476 490 -1
476 491 1
476 492 -1
476 495 -1
476 496 1
476 1502 1
477 481 -1
477 485 -1
477 490 -1
477 498 -1
477 1503 1
478 491 1
478 499 1
478 1504 -1
478 1505 1
479 480 1
479 481 -1
479 485 1
479 488 1
479 489 1
479 495 -1
479 497 1
479 499 1
479 1503 1
480 483 1
480 485 -1
480 488 1
480 489 -1
480 493 1
480 1502 1
481 483 -1
481 489 -1
481 496 1
481 1502 -1
481 1505 1
482 491 -1
482 492 1
482 494 -1
483 488 -1
483 1502 -1
483 1503 1
484 485 -1
485 486 -1
485 490 1
485 491 1
485 1503 -1
486 487 -1
486 492 1
486 496 -1
486 1504 -1
486 1505 -1
487 489 -1
487 492 1
487 497 -1
487 500 1
487 1501 -1
487 1505 1
488 489 -1
488 490 -1
488 1501 1
488 1505 1
489 500 -1
489 1504 -1
489 1505 -1
490 1501 1
490 1502 1
491 493 1
491 1505 1
492 498 -1
492 1504 1
492 1505 -1
493 495 1
493 496 -1
493 497 1
493 1501 -1
494 495 1
494 496 -1
494 497 1
494 1503 1
495 1503 -1
496 499 1
496 1504 -1
496 1505 -1
497 1503 -1
497 1505 -1
499 1503 1
500 1505 -1
501 502 -1
501 504 -1
501 513 -1
501 525 -1
501 1502 -1
501 1504 -1
502 503 1
502 507 -1
502 1502 -1
502 1504 -1
503 505 1
503 509 -1
503 510 1
503 512 -1
503 516 1
503 517 1
503 522 1
503 523 1
504 507 -1
504 508 -1
504 509 1
504 510 -1
504 513 -1
504 518 1
505 507 1
505 508 -1
505 519 -1
505 521 1
506 507 -1
506 511 1
506 520 -1
506 523 -1
506 1501 -1
507 515 -1
507 1501 -1
507 1504 1
508 510 1
508 522 1
508 1501 1
509 513 -1
510 517 1
510 522 -1
510 1501 1
511 512 -1
511 516 1
511 518 1
511 519 1
511 525 -1
511 1505 -1
512 1503 1
512 1505 -1
513 518 -1
513 522 1
514 516 -1
514 518 1
514 525 1
515 517 -1
515 520 -1
515 1504 -1
515 1505 1
516 522 -1
516 523 1
516 1501 1
516 1504 1
517 523 -1
517 1503 1
517 1505 -1
518 521 -1
519 522 -1
519 1501 -1
520 525 1
520 1505 1
521 522 -1
521 1502 1
522 524 -1
522 1504 1
523 1505 -1
524 1501 -1
525 1501 -1
525 1504 -1
526 1502 -1
526 1503 -1
526 1504 -1
527 535 1
527 547 -1
527 1504 1
527 1505 -1
528 529 -1
528 543 1
528 545 -1
529 534 1
529 1505 1
530 544 1
530 549 1
530 1501 -1
530 1505 1
532 533 -1
532 535 -1
532 547 -1
532 1502 1
532 1503 1
533 540 1
533 541 -1
533 547 1
533 1503 1
533 1505 -1
534 542 1
534 548 1
534 549 1
534 1501 -1
535 542 -1
535 543 1
535 544 -1
535 1502 1
536 1502 -1
536 1505 1
537 538 1
537 539 -1
537 541 1
537 1504 -1
538 540 1
538 545 1
538 1501 1
539 540 -1
539 546 -1
540 547 1
540 1501 1
541 543 1
541 549 -1
541 1502 1
541 1504 1
542 550 -1
542 1503 1
543 545 -1
543 549 -1
543 1503 1
544 1501 1
546 1503 1
546 1505 1
548 1504 -1
549 1502 1
549 1503 -1
550 1502 -1
551 553 1
551 554 1
551 557 1
551 560 1
551 565 1
551 568 1
551 570 -1
551 574 -1
551 1505 -1
552 559 1
552 560 1
552 567 1
552 1503 -1
553 557 -1
553 560 -1
553 564 1
553 566 1
553 1504 1
554 565 1
554 1505 -1
555 559 1
555 562 -1
555 568 1
555 570 -1
555 1501 1
555 1505 1
556 567 1
556 1502 1
557 562 -1
557 1501 -1
557 1504 -1
558 561 1
558 568 1
558 572 1
558 1501 1
558 1502 1
558 1504 1
559 573 -1
559 575 -1
559 1505 1
560 566 1
561 564 1
561 569 -1
561 570 -1
562 563 1
562 565 1
562 570 1
562 1501 1
562 1505 -1
563 564 -1
563 567 1
563 1501 -1
563 1502 1
563 1505 -1
564 569 1
564 1504 1
564 1505 -1
565 566 -1
565 568 1
565 572 1
565 573 1
565 1501 -1
566 568 1
566 571 1
566 1505 1
567 573 1
567 1502 1
568 572 1
568 575 -1
568 1503 1
569 1501 1
569 1505 -1
570 572 -1
570 575 -1
570 1502 1
570 1503 1
571 575 1
571 1501 1
571 1502 -1
571 1504 -1
571 1505 1
572 1501 -1
572 1504 -1
573 1503 1
574 575 -1
574 1504 1
574 1505 -1
575 1501 1
575 1504 1
576 580 -1
576 598 -1
576 1503 -1
577 578 -1
577 580 -1
577 585 1
577 595 1
577 1505 -1
578 583 1
578 589 1
578 592 1
578 1502 1
578 1504 -1
579 584 -1
579 1503 -1
580 586 -1
580 592 1
580 596 -1
580 600 1
580 1503 -1
581 582 -1
581 584 -1
581 589 1
581 592 -1
581 1501 -1
581 1502 -1
581 1504 1
582 585 1
582 594 1
583 1503 -1
583 1504 -1
584 585 1
584 589 -1
585 590 -1
585 597 1
585 599 1
585 1504 1
586 592 -1
586 600 1
586 1503 -1
587 590 -1
587 592 -1
587 593 1
587 1504 1
587 1505 1
588 590 -1
588 598 -1
588 599 -1
588 1503 -1
589 591 1
589 600 -1
589 1503 1
590 595 -1
590 1505 -1
591 599 1
591 1504 1
592 1505 -1
593 600 1
593 1505 -1
594 1503 -1
595 1501 -1
595 1502 -1
595 1504 -1
595 1505 -1
596 598 -1
596 1502 1
596 1503 1
596 1505 1
597 598 1
597 1503 1
599 1503 1
599 1504 1
600 1503 -1
601 610 -1
601 1501 1
602 610 1
602 625 -1
603 604 1
603 610 1
603 612 -1
603 616 -1
603 623 1
603 1505 -1
604 607 1
604 612 -1
604 613 -1
604 615 -1
604 619 -1
604 621 1
604 625 -1
604 1505 -1
605 606 1
605 620 1
605 623 1
605 1501 -1
605 1502 1
606 1501 -1
606 1502 1
606 1503 -1
607 614 -1
607 615 -1
607 619 1
607 622 -1
607 1501 1
607 1504 -1
608 613 -1
608 618 -1
608 625 1
608 1504 -1
609 611 1
609 613 -1
609 618 -1
609 625 1
609 1504 -1
609 1505 -1
610 616 1
611 623 -1
611 625 -1
611 1503 1
612 613 1
612 1505 1
613 615 -1
613 1501 1
614 619 1
614 624 1
614 1501 -1
614 1502 1
614 1503 -1
614 1504 1
615 1501 1
615 1504 -1
617 621 -1
617 1505 1
619 622 1
620 621 1
620 622 -1
620 623 1
620 1502 1
620 1503 -1
621 1501 1
621 1502 -1
622 623 -1
622 625 -1
622 1505 1
623 1502 -1
624 625 1
624 1501 -1
625 1504 1
625 1505 1
626 629 1
626 642 -1
626 644 -1
626 645 -1
626 650 -1
626 1501 -1
627 634 1
627 1502 -1
627 1505 -1
628 630 1
628 636 -1
628 638 -1
628 641 -1
628 643 1
629 633 1
629 647 -1
629 1501 1
630 635 -1
630 640 1
630 642 -1
630 648 1
631 639 -1
631 646 -1
631 1501 1
631 1505 -1
632 644 1
632 648 1
633 641 -1
633 649 1
634 635 -1
634 638 -1
634 644 -1
634 649 -1
634 1503 -1
635 638 -1
635 641 1
635 646 -1
635 1501 -1
636 649 -1
636 1503 -1
636 1505 1
637 646 1
637 650 -1
638 640 1
638 645 -1
639 643 1
639 647 -1
639 648 -1
639 1501 1
640 641 -1
640 643 -1
640 1504 -1
640 1505 1
641 1501 -1
641 1503 -1
641 1504 -1
642 644 -1
642 1505 -1
643 648 -1
643 649 -1
643 1502 1
644 1504 -1
645 646 1
645 1504 -1
647 649 1
647 650 -1
647 1501 -1
647 1505 1
650 1505 1
651 652 1
651 661 1
651 663 -1
651 1503 1
651 1504 1
652 661 -1
652 664 -1
652 665 -1
652 670 -1
652 1504 1
653 654 -1
653 661 -1
653 666 -1
653 668 -1
653 669 1
653 1504 -1
654 661 -1
654 662 1
654 663 -1
654 1501 1
655 658 -1
655 666 -1
655 668 -1
656 661 -1
656 664 1
656 667 1
656 673 -1
656 674 -1
656 675 -1
656 1501 -1
656 1503 1
657 660 -1
657 663 -1
657 664 -1
657 672 -1
657 675 1
657 1502 -1
658 664 -1
658 675 -1
658 1501 -1
658 1505 -1
659 663 1
659 670 1
659 673 -1
660 661 1
660 668 -1
660 674 1
660 675 1
660 1502 1
661 666 -1
661 1501 1
661 1505 -1
662 665 1
662 672 -1
662 1502 1
663 668 -1
664 669 -1
665 673 -1
666 668 1
666 1505 1
667 673 1
667 674 1
667 1501 1
667 1503 -1
668 675 -1
669 670 1
669 672 1
669 674 -1
669 1502 1
669 1505 1
670 1502 1
670 1505 1
671 1505 -1
672 674 1
672 1505 1
673 1501 -1
674 1501 1
674 1503 -1
674 1505 -1
675 1502 -1
676 682 1
676 693 -1
676 694 1
676 697 -1
676 698 1
676 1505 -1
677 680 -1
677 681 -1
677 698 1
677 699 1
678 685 1
678 690 1
678 691 -1
678 1501 -1
678 1504 -1
679 680 -1
679 681 1
679 692 1
679 693 -1
679 1504 -1
680 683 1
680 689 1
680 690 1
680 1502 -1
680 1504 1
680 1505 -1
681 699 -1
682 683 -1
682 694 1
682 699 1
682 1502 -1
682 1505 -1
683 685 -1
683 1501 1
683 1502 -1
683 1503 1
683 1504 1
683 1505 -1
684 686 1
684 1503 -1
685 689 -1
685 690 -1
685 691 -1
685 696 -1
685 699 -1
685 1502 -1
686 687 1
686 700 1
686 1501 -1
686 1502 -1
686 1504 1
686 1505 1
687 1504 1
687 1505 -1
688 690 -1
688 692 -1
688 1502 1
688 1503 1
688 1504 -1
689 692 -1
689 1501 1
689 1503 1
689 1504 -1
690 697 1
690 699 1
690 1501 -1
691 696 1
691 697 -1
691 1504 -1
692 694 -1
692 696 1
693 695 1
693 700 -1
694 698 -1
697 699 1
697 700 -1
697 1501 -1
699 1502 1
699 1503 -1
699 1504 1
699 1505 -1
701 703 -1
701 1502 -1
701 1503 -1
702 712 1
702 714 1
702 723 -1
702 1502 -1
703 705 -1
703 713 -1
703 721 -1
703 1503 -1
703 1504 -1
703 1505 -1
704 709 1
704 714 -1
704 715 1
704 716 -1
704 720 1
704 723 -1
704 724 1
704 1502 1
704 1505 1
705 707 1
705 716 1
705 718 -1
705 722 -1
705 1502 1
706 1502 1
707 708 -1
707 723 -1
708 715 -1
708 725 1
708 1502 -1
708 1503 -1
709 713 1
709 714 -1
709 1502 -1
709 1505 -1
710 713 1
710 721 -1
710 1501 -1
710 1503 -1
711 724 1
711 725 -1
711 1503 1
712 714 -1
712 715 -1
712 719 1
712 1501 1
712 1502 -1
712 1504 1
712 1505 -1
713 719 1
713 1501 1
713 1504 1
714 720 -1
715 717 -1
715 719 1
715 724 1
716 717 1
716 720 -1
716 722 1
716 1501 1
716 1504 1
717 722 1
717 723 1
717 1505 -1
718 720 -1
718 722 -1
718 1502 -1
718 1504 -1
719 724 -1
719 725 1
719 1501 1
721 1502 -1
721 1504 1
722 1503 -1
723 1502 1
723 1505 -1
724 1501 -1
724 1503 1
724 1504 1
725 1503 -1
726 729 1
726 730 -1
726 734 1
726 738 -1
726 745 -1
726 1502 -1
726 1503 -1
726 1505 -1
727 749 -1
727 1501 -1
727 1503 -1
727 1504 1
728 740 1
728 745 1
728 1505 1
729 737 -1
729 740 1
729 743 1
729 748 1
729 749 1
729 750 -1
729 1501 1
729 1503 -1
729 1505 1
730 738 -1
730 741 -1
730 743 1
730 1503 1
730 1504 -1
731 734 -1
731 738 1
731 742 1
731 749 -1
731 750 -1
731 1504 1
731 1505 -1
732 739 -1
732 740 1
732 749 1
732 1501 1
732 1504 1
733 734 -1
733 737 -1
733 743 1
733 749 -1
733 1501 1
733 1505 -1
734 735 -1
734 741 1
734 1502 1
734 1503 -1
735 1501 -1
735 1502 1
735 1503 -1
736 1501 1
736 1502 1
736 1505 -1
737 740 -1
737 749 1
737 1502 1
737 1505 1
738 741 -1
738 750 1
738 1501 1
738 1505 1
739 745 -1
739 748 -1
739 1502 1
739 1504 -1
740 741 -1
740 743 -1
740 1501 -1
741 745 -1
741 746 1
741 1503 -1
742 1501 -1
742 1502 -1
742 1505 1
744 750 -1
744 1504 -1
745 1501 1
746 750 1
746 1501 -1
746 1505 -1
747 749 1
747 1501 -1
747 1504 1
748 749 1
750 1502 1
751 753 1
751 758 1
751 766 -1
751 771 -1
751 774 1
751 1504 1
752 757 -1
752 768 -1
752 773 1
752 1502 -1
752 1505 -1
753 761 -1
753 768 1
753 770 -1
753 772 1
753 774 -1
754 761 -1
754 762 -1
754 770 1
754 772 1
754 1504 -1
755 756 1
755 759 -1
755 772 -1
755 773 1
755 774 1
755 1505 -1
756 758 -1
756 766 1
756 771 -1
757 759 1
757 773 -1
757 774 1
757 1503 -1
757 1505 -1
758 759 1
758 766 1
758 773 -1
758 1504 1
759 760 -1
759 765 1
759 772 -1
760 764 -1
760 767 -1
760 1504 1
761 771 1
761 1505 1
762 766 1
762 1505 1
763 772 -1
763 773 -1
763 1501 -1
763 1502 -1
764 769 -1
764 1505 -1
765 771 1
765 772 1
765 773 1
765 775 -1
765 1502 1
766 1503 1
767 771 -1
767 1502 -1
767 1503 1
767 1504 -1
767 1505 -1
768 769 1
768 775 1
768 1502 -1
768 1503 1
768 1504 -1
769 771 -1
769 1504 1
770 771 1
770 1503 1
770 1504 1
771 1501 -1
772 1503 1
773 774 -1
773 1502 1
774 1501 -1
775 1503 -1
776 785 -1
776 787 1
776 793 1
776 1504 -1
777 796 -1
777 1502 1
778 781 -1
778 789 -1
778 790 1
778 796 -1
778 1501 -1
778 1504 1
779 781 1
779 1502 1
779 1504 -1
780 784 1
780 787 -1
780 793 -1
780 794 -1
780 1503 -1
781 786 1
781 1501 1
782 784 1
782 796 1
782 800 1
782 1501 1
783 788 1
783 794 -1
783 796 1
783 1501 1
783 1503 1
783 1505 1
784 785 -1
784 794 -1
784 1503 1
785 1504 -1
786 789 -1
786 792 -1
786 800 -1
786 1503 -1
786 1504 1
787 795 -1
787 1503 1
788 795 -1
788 796 -1
788 1505 -1
789 790 -1
789 1501 -1
789 1504 1
790 800 -1
790 1504 1
791 798 1
791 1502 1
791 1503 1
791 1504 -1
792 800 -1
792 1502 -1
792 1504 1
793 797 -1
793 1503 -1
794 795 -1
794 1505 -1
795 1502 1
796 797 -1
796 798 -1
797 798 1
797 1501 1
797 1502 1
797 1503 1
798 1503 -1
798 1505 -1
799 1501 1
799 1502 -1
800 1502 -1
800 1503 1
800 1504 -1
801 806 -1
801 817 1
801 818 -1
801 819 1
801 825 -1
801 1502 -1
801 1504 1
802 805 -1
802 807 1
802 818 -1
802 824 -1
803 804 -1
803 806 1
803 1502 -1
803 1505 1
804 809 1
804 810 -1
804 1502 1
804 1504 1
805 810 1
805 820 -1
805 823 -1
805 1502 1
805 1503 1
805 1504 1
805 1505 1
806 811 -1
807 812 -1
807 814 1
807 818 -1
807 824 -1
807 1502 -1
808 810 1
808 1503 1
809 1501 -1
809 1503 -1
809 1505 -1
810 813 -1
810 814 1
810 816 1
810 1502 1
810 1503 -1
811 816 1
812 816 -1
812 819 1
812 825 1
812 1504 -1
813 818 1
813 821 1
813 825 -1
813 1502 1
814 816 -1
814 817 1
814 821 1
814 823 -1
814 1501 1
814 1503 1
815 825 1
815 1504 -1
816 1501 -1
817 819 1
817 820 1
817 825 -1
818 1503 -1
819 1502 -1
819 1503 -1
819 1505 1
820 823 -1
820 1501 -1
820 1503 -1
820 1504 -1
820 1505 -1
821 824 1
821 1502 -1
821 1505 -1
822 823 1
823 824 1
823 825 -1
823 1503 1
824 1502 1
826 836 -1
826 1504 1
826 1505 -1
827 834 1
827 838 -1
827 839 -1
827 844 -1
828 832 -1
828 834 -1
828 835 -1
828 839 -1
828 840 1
828 844 -1
828 845 1
828 850 1
828 1503 -1
828 1505 1
829 835 1
829 846 -1
829 1501 -1
829 1502 1
829 1503 -1
829 1504 -1
830 840 1
830 845 -1
831 839 1
832 833 -1
832 844 -1
832 1502 1
832 1503 -1
833 837 -1
833 840 1
833 846 1
833 1503 -1
834 837 1
834 840 1
834 1503 1
834 1505 -1
835 838 -1
835 841 -1
835 1502 1
836 839 1
836 843 1
836 1502 -1
837 839 1
837 846 1
837 1504 -1
838 849 1
838 850 -1
838 1501 -1
839 843 -1
839 850 1
839 1502 1
839 1503 -1
840 844 1
840 847 -1
840 849 1
840 1501 -1
840 1502 -1
840 1503 1
840 1504 1
841 847 1
842 847 1
842 848 1
842 850 1
842 1504 -1
842 1505 -1
843 1501 1
843 1503 -1
843 1504 -1
844 1501 1
846 1503 -1
848 849 -1
848 1501 -1
849 1502 -1
849 1503 1
850 1501 -1
851 854 1
851 871 -1
851 874 1
851 1504 1
852 857 1
852 858 1
852 863 -1
852 864 -1
852 869 -1
852 1502 1
852 1503 1
852 1505 1
853 866 1
853 868 -1
853 869 -1
853 871 -1
853 1501 1
854 864 1
854 868 -1
854 1503 -1
855 860 -1
855 864 1
855 869 -1
855 870 -1
856 862 1
856 868 -1
856 869 1
856 875 1
856 1502 1
856 1503 -1
857 875 -1
857 1502 -1
857 1503 -1
858 865 -1
858 866 1
858 869 -1
858 873 1
858 1504 1
859 862 -1
859 863 1
859 866 -1
859 868 -1
859 871 1
859 1502 -1
859 1505 1
860 866 -1
860 868 -1
860 873 1
860 1501 1
860 1504 -1
860 1505 1
861 1501 -1
861 1504 -1
862 864 -1
862 874 -1
862 1502 1
862 1505 -1
863 868 1
863 872 -1
863 874 1
864 1501 -1
865 866 -1
865 1502 1
865 1504 1
866 870 -1
866 1502 1
867 1505 -1
868 874 1
869 871 -1
869 874 -1
869 1504 1
869 1505 1
870 873 -1
871 1501 -1
871 1503 1
871 1504 -1
872 875 1
872 1502 1
872 1505 1
873 1502 -1
873 1503 -1
873 1505 1
874 1502 -1
874 1503 -1
874 1504 1
876 879 1
876 882 1
876 890 1
876 898 1
876 1503 -1
877 885 -1
877 1504 1
877 1505 -1
878 888 -1
878 890 -1
878 899 -1
878 900 1
878 1503 1
879 881 1
879 882 1
879 887 -1
879 891 1
879 1505 1
880 884 1
880 888 -1
880 1501 1
881 885 -1
881 888 1
881 890 -1
882 895 -1
882 896 -1
882 898 -1
882 900 1
882 1502 1
883 885 -1
883 894 -1
883 1503 -1
884 888 1
884 893 1
884 898 1
885 897 -1
885 898 1
885 1505 -1
886 1501 -1
886 1502 1
887 898 1
887 1501 -1
887 1504 -1
888 1503 1
888 1504 1
889 892 1
889 1501 1
889 1505 1
890 897 1
890 1501 1
890 1503 -1
891 1502 -1
891 1503 -1
892 896 1
892 897 -1
892 1501 1
892 1502 1
892 1503 -1
892 1504 -1
892 1505 1
893 1502 1
894 898 1
894 1505 -1
896 900 1
896 1502 1
897 900 1
897 1505 -1
899 1505 -1
900 1505 -1
901 904 -1
901 905 -1
901 911 -1
901 919 -1
901 923 -1
901 1502 1
901 1504 -1
902 914 -1
902 915 1
902 920 1
902 922 -1
902 1504 1
903 909 -1
903 920 1
903 923 1
903 924 -1
904 906 -1
904 914 -1
904 918 -1
904 1501 -1
904 1502 1
905 909 1
905 1504 1
905 1505 -1
906 912 1
906 914 -1
906 1504 -1
907 921 1
907 1501 1
908 919 1
908 920 1
908 924 1
908 1505 -1
909 917 1
909 1503 1
910 1502 -1
911 913 -1
911 924 -1
911 1501 1
912 920 -1
913 916 -1
913 1501 -1
913 1504 -1
913 1505 -1
914 1504 -1
915 917 1
915 918 1
915 919 -1
915 1503 -1
915 1505 -1
916 924 1
916 1502 1
917 919 -1
917 1501 -1
917 1502 1
917 1504 1
918 921 1
919 924 1
920 921 -1
920 922 -1
921 925 -1
922 1502 1
922 1505 1
924 1504 1
924 1505 -1
925 1501 1
926 941 -1
926 950 -1
926 1503 -1
927 931 -1
927 939 -1
927 1503 1
927 1504 1
928 929 1
928 936 1
928 947 1
928 949 1
928 1502 -1
928 1505 -1
929 930 1
929 937 1
929 946 -1
929 949 -1
929 1503 -1
929 1505 -1
930 931 1
930 932 -1
930 941 1
930 945 1
930 946 1
931 937 -1
931 939 1
931 1505 1
932 936 -1
932 941 1
932 942 1
932 948 -1
932 949 1
932 1505 -1
933 950 1
934 944 -1
934 945 -1
934 948 -1
934 1502 -1
935 936 1
935 945 1
935 946 -1
935 950 -1
935 1503 -1
936 937 1
936 938 -1
936 941 1
936 947 1
936 949 1
936 1502 1
937 940 1
937 943 -1
937 945 1
937 946 1
937 1503 1
938 947 1
938 1505 -1
939 946 1
940 946 1
940 1501 -1
941 948 -1
941 1503 -1
942 948 -1
942 1501 -1
942 1503 -1
942 1505 -1
943 947 1
944 945 -1
944 946 -1
944 950 -1
944 1503 1
945 948 -1
946 948 -1
946 1505 1
947 948 1
947 949 -1
949 1501 1
949 1502 -1
949 1504 -1
950 1501 1
951 968 1
951 1501 1
951 1503 -1
952 955 1
952 957 1
952 959 -1
952 971 -1
952 974 1
952 1501 1
952 1505 1
953 955 -1
953 957 1
953 960 -1
953 968 1
953 970 1
953 971 1
953 974 -1
953 1501 1
953 1504 -1
954 955 1
954 962 1
954 963 1
954 969 1
955 960 -1
956 960 1
956 963 -1
956 965 -1
956 1501 -1
956 1503 -1
957 958 -1
957 970 -1
957 975 1
957 1504 1
958 959 -1
958 961 1
958 963 -1
958 974 -1
959 966 1
959 969 1
959 975 -1
959 1504 1
960 964 1
960 967 1
960 973 -1
960 974 1
960 975 1
960 1502 1
961 1504 -1
962 964 1
962 1502 1
962 1503 -1
963 965 1
963 967 1
963 1501 1
963 1502 -1
963 1504 -1
963 1505 1
964 968 1
964 969 -1
964 974 1
964 1502 -1
964 1503 1
964 1504 1
965 967 -1
965 968 -1
965 975 -1
966 971 -1
966 972 1
968 1501 1
968 1504 -1
968 1505 1
969 1503 -1
971 1504 -1
974 1504 -1
975 1501 -1
975 1502 1
975 1505 1
976 981 1
976 984 -1
976 986 1
976 990 1
976 991 1
976 994 -1
976 997 -1
976 998 -1
976 1000 1
976 1502 1
976 1505 -1
977 986 1
977 992 -1
977 996 -1
977 1504 -1
977 1505 1
978 987 1
978 988 1
978 989 -1
978 990 -1
978 996 1
978 999 -1
978 1502 -1
978 1503 1
979 991 1
979 993 1
979 995 1
979 1504 -1
979 1505 -1
980 985 1
980 987 1
980 990 1
980 1502 1
981 985 -1
981 997 -1
981 1501 1
981 1503 -1
982 989 1
982 1501 1
982 1502 -1
982 1503 -1
983 985 1
983 988 -1
983 997 -1
983 998 1
984 988 -1
984 990 1
984 993 1
984 995 -1
984 998 -1
984 1000 -1
984 1504 -1
985 989 1
985 995 -1
985 1503 -1
986 999 1
986 1501 -1
986 1504 -1
986 1505 1
987 992 -1
987 1501 -1
987 1504 -1
988 997 -1
988 1502 -1
988 1503 1
988 1504 1
989 995 -1
989 996 1
989 998 1
989 999 1
989 1000 1
989 1505 -1
990 991 1
990 996 -1
990 1000 -1
990 1503 1
991 993 1
991 995 1
991 1503 1
992 1503 -1
994 996 1
994 1502 -1
994 1503 1
994 1505 -1
995 999 1
995 1503 1
995 1505 1
996 997 -1
996 1504 -1
997 1501 -1
997 1502 1
997 1503 1
998 1501 1
998 1504 -1
999 1502 -1
999 1505 1
1000 1501 -1
1001 1002 -1
1001 1003 -1
1001 1008 -1
1001 1016 1
1001 1017 -1
1001 1024 1
1001 1025 -1
1001 1505 -1
1002 1003 -1
1002 1004 1
1002 1009 -1
1002 1015 -1
1002 1016 1
1002 1025 -1
1003 1010 1
1003 1013 -1
1003 1018 1
1004 1006 1
1004 1011 -1
1004 1014 1
1004 1016 -1
1004 1017 1
1004 1024 -1
1004 1501 1
1004 1502 -1
1005 1010 1
1005 1014 -1
1005 1018 -1
1005 1021 -1
1005 1023 1
1005 1504 -1
1006 1007 -1
1006 1014 1
1006 1016 -1
1006 1018 1
1006 1021 -1
1006 1023 -1
1007 1008 1
1007 1013 1
1007 1021 1
1007 1023 1
1007 1501 1
1007 1502 -1
1007 1503 -1
1008 1013 -1
1008 1502 1
1009 1010 1
1009 1024 -1
1009 1025 1
1009 1501 1
1010 1013 -1
1010 1015 -1
1010 1017 1
1010 1020 -1
1011 1013 1
1011 1023 1
1011 1024 1
1011 1501 -1
1011 1503 1
1011 1504 1
1012 1020 -1
1012 1501 1
1012 1504 1
1013 1018 1
1013 1504 -1
1014 1019 -1
1014 1020 1
1014 1023 -1
1014 1502 -1
1015 1024 -1
1015 1501 1
1015 1502 1
1017 1025 -1
1017 1501 1
1017 1503 -1
1018 1021 -1
1018 1024 1
1020 1024 1
1020 1501 -1
1021 1022 -1
1021 1504 -1
1022 1501 1
1022 1505 1
1023 1025 -1
1024 1502 1
1025 1503 -1
1025 1505 -1
1026 1034 1
1026 1047 -1
1026 1049 -1
1026 1503 -1
1026 1505 1
1027 1028 -1
1027 1031 1
1027 1037 1
1027 1039 1
1027 1040 -1
1027 1041 1
1027 1047 -1
1027 1050 1
1027 1501 1
1027 1503 -1
1028 1034 1
1028 1036 1
1028 1501 -1
1028 1504 -1
1029 1030 1
1029 1031 -1
1029 1042 -1
1029 1049 1
1030 1032 1
1030 1035 1
1030 1040 -1
1030 1044 -1
1030 1046 1
1030 1502 1
1030 1503 -1
1031 1042 -1
1031 1049 -1
1031 1501 -1
1032 1036 -1
1032 1503 -1
1032 1504 -1
1032 1505 1
1033 1037 1
1033 1040 -1
1033 1044 1
1033 1049 -1
1033 1050 -1
1033 1503 -1
1034 1038 1
1034 1040 1
1034 1043 -1
1034 1045 -1
1034 1047 -1
1034 1049 -1
1034 1505 1
1035 1047 -1
1035 1050 1
1035 1501 1
1035 1502 -1
1035 1503 1
1036 1037 -1
1036 1038 -1
1036 1043 -1
1036 1048 1
1037 1039 1
1037 1050 1
1037 1501 -1
1037 1503 -1
1038 1039 1
1038 1047 -1
1038 1505 1
1039 1043 -1
1039 1045 1
1039 1048 1
1039 1049 1
1039 1505 1
1040 1043 1
1040 1046 1
1040 1048 1
1040 1501 1
1040 1502 1
1041 1048 -1
1041 1504 -1
1041 1505 1
1042 1048 -1
1042 1504 -1
1042 1505 -1
1043 1047 -1
1043 1503 -1
1044 1046 -1
1044 1501 1
1044 1502 1
1045 1046 -1
1045 1048 -1
1045 1050 1
1045 1501 -1
1045 1504 1
1046 1047 -1
1046 1049 -1
1046 1502 1
1047 1503 1
1048 1501 1
1048 1504 -1
1051 1063 -1
1051 1065 1
1051 1066 1
1051 1067 -1
1051 1069 -1
1052 1056 1
1052 1059 -1
1052 1062 -1
1052 1064 1
1052 1068 -1
1052 1502 -1
1052 1505 -1
1053 1059 -1
1053 1063 -1
1053 1065 1
1053 1066 1
1053 1073 1
1053 1505 1
1054 1058 -1
1054 1065 1
1054 1066 1
1054 1068 1
1054 1072 1
1054 1502 1
1055 1065 1
1055 1067 1
1055 1070 -1
1055 1072 1
1055 1074 1
1056 1073 1
1056 1502 1
1056 1505 1
1057 1064 1
1057 1067 1
1057 1074 -1
1058 1060 1
1058 1066 -1
1058 1075 -1
1058 1502 1
1058 1505 -1
1059 1501 1
1059 1502 1
1059 1503 -1
1059 1505 -1
1060 1066 -1
1060 1067 1
1060 1503 -1
1061 1063 1
1061 1069 1
1061 1071 -1
1061 1074 -1
1061 1501 1
1061 1502 1
1061 1503 -1
1061 1504 1
1061 1505 1
1062 1065 1
1062 1071 1
1062 1072 -1
1062 1073 1
1063 1067 1
1063 1068 -1
1063 1071 1
1064 1069 1
1064 1070 -1
1064 1071 -1
1064 1073 -1
1064 1075 -1
1064 1502 -1
1064 1503 -1
1064 1504 1
1065 1073 1
1065 1074 -1
1066 1068 -1
1066 1071 1
1066 1073 1
1066 1502 -1
1066 1503 1
1066 1504 1
1067 1069 1
1067 1072 1
1067 1073 -1
1067 1501 1
1067 1502 -1
1068 1072 -1
1068 1503 -1
1069 1072 -1
1069 1503 -1
1069 1504 1
1069 1505 -1
1070 1503 1
1070 1504 -1
1071 1075 1
1071 1501 -1
1071 1504 -1
1072 1502 1
1073 1503 -1
1073 1505 -1
1076 1084 1
1076 1089 -1
1076 1098 1
1076 1099 1
1077 1083 -1
1077 1087 -1
1077 1088 1
1077 1095 -1
1077 1505 -1
1078 1079 -1
1078 1083 1
1078 1095 -1
1078 1098 1
1079 1080 1
1079 1093 1
1079 1095 1
1079 1501 1
1079 1504 1
1080 1081 1
1080 1086 -1
1080 1092 -1
1080 1097 -1
1080 1100 1
1080 1502 1
1080 1503 -1
1081 1091 -1
1082 1083 -1
1082 1090 1
1082 1091 1
1082 1095 1
1082 1501 1
1082 1502 1
1083 1502 -1
1083 1505 -1
1084 1085 -1
1084 1087 1
1084 1092 1
1084 1503 1
1084 1504 1
1084 1505 1
1085 1092 -1
1085 1097 1
1085 1098 -1
1086 1095 1
1086 1504 1
1087 1089 1
1087 1094 1
1087 1100 1
1087 1502 1
1087 1503 -1
1088 1093 1
1088 1501 -1
1088 1502 1
1088 1505 1
1089 1094 -1
1089 1501 -1
1089 1505 1
1090 1100 -1
1090 1505 1
1091 1092 1
1091 1502 1
1092 1096 1
1092 1097 -1
1092 1098 -1
1092 1504 -1
1093 1098 1
1093 1504 -1
1094 1099 1
1094 1501 1
1094 1502 1
1094 1503 1
1095 1096 1
1095 1100 -1
1096 1501 1
1096 1505 1
1099 1504 1
1101 1102 1
1101 1104 -1
1101 1106 -1
1101 1120 -1
1101 1121 1
1101 1123 1
1101 1505 1
1102 1104 -1
1102 1111 -1
1102 1118 1
1102 1122 1
1102 1502 -1
1103 1112 -1
1103 1117 -1
1103 1501 -1
1103 1503 1
1103 1504 -1
1104 1107 -1
1104 1113 -1
1104 1504 1
1105 1110 1
1106 1109 -1
1106 1124 -1
1106 1501 -1
1106 1503 1
1106 1504 1
1106 1505 -1
1107 1109 1
1107 1503 1
1108 1124 1
1109 1117 1
1110 1111 -1
1110 1114 1
1110 1122 1
1110 1501 1
1110 1502 -1
1111 1116 -1
1111 1122 -1
1111 1125 -1
1111 1501 1
1111 1504 1
1112 1118 1
1112 1125 1
1113 1115 1
1113 1118 -1
1113 1124 -1
1114 1124 -1
1114 1502 1
1114 1503 1
1115 1116 -1
1115 1117 1
1115 1118 1
1115 1119 -1
1116 1501 -1
1116 1503 1
1117 1503 -1
1118 1501 1
1118 1504 -1
1119 1501 -1
1119 1503 1
1120 1121 -1
1120 1125 -1
1120 1504 1
1121 1124 1
1121 1504 1
1121 1505 1
1122 1503 1
1122 1505 -1
1123 1502 -1
1123 1505 1
1124 1501 -1
1126 1128 -1
1126 1134 1
1126 1139 1
1126 1140 -1
1126 1147 -1
1126 1149 -1
1126 1501 1
1126 1502 1
1127 1128 -1
1127 1138 1
1127 1148 -1
1127 1502 1
1127 1504 -1
1128 1137 -1
1128 1146 -1
1128 1150 1
1128 1502 1
1128 1505 -1
1129 1130 -1
1129 1131 1
1129 1133 1
1129 1136 -1
1129 1138 -1
1129 1139 -1
1129 1501 -1
1130 1134 -1
1130 1148 -1
1130 1501 -1
1131 1135 1
1131 1501 -1
1131 1502 1
1131 1503 -1
1132 1133 1
1132 1145 -1
1132 1502 1
1133 1138 1
1133 1142 -1
1133 1145 1
1133 1149 1
1133 1502 1
1133 1503 1
1133 1504 -1
1134 1142 -1
1134 1143 1
1135 1139 -1
1135 1147 -1
1135 1504 -1
1136 1150 -1
1136 1501 -1
1136 1504 1
1137 1148 -1
1137 1504 -1
1137 1505 -1
1138 1141 -1
1138 1143 -1
1138 1505 1
1139 1150 1
1139 1502 -1
1139 1503 -1
1140 1146 -1
1140 1150 -1
1140 1503 -1
1140 1505 1
1141 1143 1
1141 1145 1
1141 1147 -1
1141 1503 -1
1143 1150 -1
1143 1501 1
1143 1503 -1
1144 1145 -1
1146 1505 -1
1147 1504 -1
1148 1150 1
1148 1502 -1
1149 1150 1
1149 1501 1
1149 1504 1
1150 1505 -1
1151 1156 -1
1151 1166 1
1151 1503 -1
1152 1154 1
1152 1162 -1
1152 1163 1
1152 1169 -1
1152 1172 1
1152 1175 -1
1152 1505 1
1153 1154 -1
1153 1159 -1
1153 1167 1
1153 1501 1
1153 1502 1
1154 1162 1
1154 1164 1
1154 1169 1
1154 1170 1
1154 1173 1
1155 1160 1
1155 1163 -1
1155 1174 -1
1155 1175 -1
1155 1503 -1
1155 1504 1
1156 1159 1
1156 1164 -1
1156 1170 -1
1157 1159 -1
1157 1164 -1
1157 1172 -1
1157 1175 -1
1158 1159 -1
1158 1174 -1
1159 1162 1
1159 1172 1
1159 1503 1
1160 1169 -1
1160 1173 -1
1160 1174 -1
1161 1163 1
1161 1168 -1
1161 1171 1
1162 1163 1
1162 1501 1
1163 1167 -1
1163 1171 -1
1163 1501 1
1163 1503 -1
1164 1174 1
1164 1505 1
1165 1168 -1
1165 1169 1
1165 1174 1
1165 1503 -1
1166 1169 -1
1166 1170 -1
1166 1175 1
1167 1170 -1
1167 1171 -1
1167 1174 1
1167 1175 -1
1167 1505 1
1168 1170 -1
1168 1502 -1
1168 1505 1
1169 1501 1
1169 1503 -1
1170 1174 1
1170 1502 1
1171 1502 1
1172 1174 -1
1172 1501 1
1172 1503 1
1172 1505 1
1173 1502 1
1174 1175 1
1174 1503 1
1175 1503 -1
1176 1179 -1
1176 1188 -1
1176 1503 1
1177 1178 -1
1177 1195 1
1177 1501 -1
1177 1504 1
1178 1183 -1
1178 1188 1
1178 1195 -1
1178 1197 1
1178 1200 1
1178 1504 1
1178 1505 1
1179 1189 1
1179 1195 -1
1179 1197 -1
1179 1198 -1
1179 1505 1
1180 1188 1
1180 1195 -1
1180 1196 -1
1180 1502 1
1180 1503 1
1180 1504 1
1180 1505 1
1181 1182 1
1181 1504 1
1182 1186 1
1182 1191 1
1182 1197 1
1182 1198 1
1182 1501 -1
1183 1187 1
1183 1188 1
1183 1196 -1
1183 1197 1
1183 1199 -1
1183 1501 -1
1183 1503 1
1184 1195 -1
1184 1196 1
1184 1502 -1
1184 1504 -1
1185 1196 1
1185 1504 1
1186 1191 1
1187 1189 1
1187 1191 -1
1187 1197 1
1187 1199 -1
1188 1192 1
1188 1198 1
1188 1502 1
1188 1503 -1
1189 1193 1
1189 1198 -1
1189 1200 -1
1189 1502 -1
1190 1195 -1
1190 1501 1
1190 1503 1
1191 1196 -1
1191 1198 1
1191 1501 1
1191 1502 -1
1191 1503 -1
1191 1505 -1
1192 1193 -1
1192 1197 -1
1192 1502 1
1193 1501 -1
1193 1503 1
1193 1504 1
1193 1505 1
1194 1195 1
1194 1196 1
1194 1198 -1
1195 1199 1
1195 1502 -1
1195 1503 1
1196 1502 -1
1196 1503 -1
1197 1502 -1
1199 1200 -1
1199 1502 1
1199 1503 1
1201 1206 1
1201 1210 -1
1201 1213 1
1201 1218 1
1201 1220 1
1201 1223 -1
1201 1502 -1
1202 1207 1
1202 1211 1
1202 1214 -1
1202 1217 -1
1202 1221 -1
1202 1502 -1
1203 1209 1
1203 1215 1
1203 1217 -1
1203 1503 1
1203 1504 -1
1204 1206 -1
1204 1214 1
1204 1216 1
1204 1217 -1
1204 1222 1
1204 1505 -1
1205 1211 -1
1205 1212 -1
1205 1219 -1
1205 1224 1
1205 1502 1
1206 1211 -1
1206 1501 1
1206 1505 -1
1207 1211 1
1207 1212 -1
1207 1213 -1
1207 1220 1
1207 1222 1
1207 1501 -1
1207 1504 1
1208 1215 1
1208 1218 1
1208 1220 -1
1208 1221 -1
1208 1222 1
1208 1223 -1
1208 1501 -1
1208 1505 -1
1209 1223 -1
1209 1224 1
1209 1501 1
1209 1504 1
1210 1216 -1
1210 1217 -1
1210 1504 1
1211 1217 1
1211 1219 -1
1212 1505 1
1213 1215 1
1213 1223 -1
1213 1224 1
1213 1503 1
1214 1218 1
1214 1221 -1
1214 1224 1
1214 1503 -1
1214 1505 -1
1215 1216 1
1215 1225 -1
1215 1503 -1
1215 1505 1
1216 1218 1
1216 1220 -1
1216 1504 1
1217 1502 1
1217 1503 1
1217 1504 -1
1218 1220 1
1218 1223 -1
1218 1501 -1
1218 1502 -1
1219 1220 -1
1219 1221 -1
1219 1501 -1
1219 1503 -1
1219 1504 -1
1220 1504 -1
1221 1223 -1
1221 1224 -1
1222 1224 1
1222 1501 1
1223 1505 -1
1224 1225 -1
1225 1503 -1
1225 1504 1
1225 1505 1
1226 1246 -1
1226 1250 -1
1226 1501 1
1227 1244 1
1227 1248 -1
1227 1502 1
1227 1503 -1
1228 1232 1
1228 1235 -1
1228 1241 1
1228 1243 1
1228 1245 -1
1228 1249 -1
1228 1501 -1
1228 1505 -1
1229 1230 -1
1229 1245 1
1229 1247 -1
1229 1502 -1
1229 1504 -1
1230 1234 -1
1230 1241 1
1230 1243 -1
1230 1249 -1
1231 1243 -1
1231 1504 -1
1231 1505 -1
1232 1233 -1
1232 1236 -1
1232 1243 1
1232 1246 1
1233 1234 1
1233 1236 -1
1233 1250 1
1234 1238 1
1234 1239 -1
1234 1247 -1
1234 1502 -1
1235 1246 1
1235 1247 -1
1235 1248 -1
1235 1501 -1
1235 1504 -1
1236 1239 -1
1236 1249 1
1236 1250 -1
1236 1501 1
1237 1245 1
1237 1250 1
1237 1503 -1
1238 1243 1
1238 1248 1
1238 1249 1
1238 1503 1
1238 1504 1
1240 1247 -1
1240 1250 -1
1240 1504 1
1241 1244 1
1241 1247 -1
1241 1505 1
1242 1244 -1
1242 1246 -1
1242 1249 1
1242 1250 -1
1242 1504 1
1242 1505 -1
1243 1248 1
1243 1250 1
1243 1501 1
1243 1505 -1
1245 1250 1
1245 1503 1
1245 1504 -1
1245 1505 1
1246 1250 -1
1247 1501 -1
1247 1502 -1
1247 1503 -1
1247 1505 -1
1248 1503 -1
1248 1504 -1
1250 1501 1
1251 1256 1
1251 1270 1
1251 1503 1
1252 1257 1
1252 1266 -1
1252 1270 1
1252 1504 1
1253 1259 -1
1253 1264 1
1253 1501 -1
1253 1505 1
1254 1257 -1
1254 1266 -1
1254 1269 -1
1254 1275 1
1254 1501 -1
1254 1502 -1
1254 1504 -1
1255 1259 1
1255 1261 1
1255 1266 1
1255 1272 -1
1256 1259 1
1256 1264 -1
1256 1272 1
1256 1501 1
1257 1258 -1
1257 1260 1
1257 1272 1
1258 1268 1
1258 1501 -1
1258 1502 -1
1259 1264 1
1259 1266 -1
1260 1272 1
1260 1503 1
1261 1268 1
1261 1273 -1
1261 1274 -1
1261 1502 1
1261 1505 -1
1262 1265 1
1262 1271 1
1263 1265 -1
1263 1268 -1
1263 1501 1
1265 1501 1
1266 1268 1
1266 1269 -1
1266 1271 -1
1266 1502 1
1266 1503 -1
1266 1504 1
1266 1505 -1
1267 1269 1
1267 1275 -1
1267 1501 -1
1267 1503 -1
1267 1504 -1
1267 1505 -1
1268 1270 -1
1268 1503 1
1269 1271 -1
1269 1275 1
1269 1503 -1
1270 1502 1
1270 1504 1
1270 1505 -1
1271 1274 -1
1271 1505 -1
1272 1275 1
1272 1502 1
1274 1505 1
1275 1504 1
1275 1505 1
1276 1284 -1
1276 1289 -1
1276 1295 1
1276 1502 1
1276 1504 -1
1276 1505 -1
1277 1284 1
1277 1292 -1
1277 1298 -1
1277 1299 1
1277 1502 -1
1277 1504 -1
1278 1283 -1
1278 1286 -1
1278 1289 -1
1278 1297 1
1278 1502 1
1278 1505 1
1279 1283 1
1279 1286 -1
1279 1287 -1
1279 1504 -1
1280 1286 1
1280 1502 1
1281 1284 1
1281 1285 1
1282 1283 1
1282 1290 -1
1282 1300 1
1282 1503 1
1283 1285 1
1283 1290 1
1283 1293 1
1283 1504 -1
1284 1287 -1
1284 1299 1
1284 1504 -1
1284 1505 -1
1285 1286 -1
1285 1287 1
1285 1294 1
1285 1296 -1
1285 1298 1
1285 1502 -1
1286 1502 -1
1287 1288 -1
1287 1289 -1
1287 1292 -1
1287 1295 1
1287 1502 -1
1287 1505 -1
1288 1290 -1
1289 1291 1
1289 1292 -1
1289 1298 -1
1289 1504 -1
1290 1291 -1
1290 1297 -1
1290 1504 1
1291 1294 1
1291 1298 1
1291 1299 -1
1292 1293 -1
1292 1295 -1
1292 1296 1
1292 1297 -1
1292 1505 -1
1293 1296 -1
1293 1298 1
1293 1505 1
1294 1297 -1
1294 1504 -1
1295 1503 1
1295 1504 -1
1296 1503 1
1297 1502 -1
1297 1504 1
1297 1505 1
1298 1501 -1
1298 1503 -1
1298 1505 1
1299 1502 -1
1300 1502 -1
1301 1319 1
1301 1503 1
1302 1304 -1
1302 1307 -1
1302 1325 -1
1303 1325 1
1303 1502 -1
1304 1310 1
1304 1311 1
1304 1318 -1
1304 1323 1
1305 1308 -1
1305 1310 1
1305 1311 -1
1305 1312 -1
1305 1317 1
1305 1504 -1
1306 1308 -1
1306 1311 1
1306 1320 1
1306 1321 -1
1306 1504 -1
1306 1505 -1
1307 1314 -1
1307 1317 -1
1307 1320 1
1307 1324 -1
1307 1502 -1
1307 1503 1
1308 1317 -1
1308 1318 -1
1308 1501 1
1309 1311 -1
1309 1319 -1
1309 1320 1
1309 1321 1
1309 1501 1
1309 1502 -1
1309 1503 -1
1309 1504 -1
1309 1505 1
1310 1315 1
1310 1324 -1
1311 1314 1
1311 1317 -1
1311 1320 1
1311 1505 1
1312 1321 1
1312 1324 -1
1313 1323 -1
1313 1503 -1
1314 1324 1
1314 1502 -1
1314 1505 -1
1315 1318 -1
1315 1325 1
1315 1502 1
1315 1504 1
1315 1505 -1
1316 1323 -1
1316 1502 1
1317 1319 1
1317 1322 -1
1317 1325 1
1318 1323 1
1318 1502 1
1318 1503 -1
1319 1321 1
1319 1505 -1
1320 1503 -1
1321 1501 -1
1322 1503 1
1322 1504 -1
1323 1501 1
1323 1504 1
1324 1505 1
1325 1505 1
1326 1335 1
1326 1336 -1
1326 1337 -1
1326 1339 1
1326 1344 -1
1326 1347 1
1326 1349 1
1326 1503 1
1327 1329 1
1327 1330 1
1327 1336 -1
1327 1338 1
1327 1346 -1
1327 1501 -1
1327 1502 1
1327 1505 1
1328 1329 -1
1328 1331 -1
1328 1334 1
1328 1338 -1
1328 1347 1
1329 1330 -1
1329 1334 -1
1329 1336 -1
1329 1340 -1
1329 1341 1
1329 1501 1
1330 1335 1
1330 1347 -1
1331 1336 1
1331 1338 -1
1331 1339 1
1331 1340 -1
1331 1342 -1
1331 1344 1
1331 1346 1
1331 1348 -1
1331 1350 1
1331 1502 -1
1331 1505 1
1332 1334 1
1332 1339 1
1332 1341 -1
1332 1344 1
1333 1335 1
1333 1347 1
1333 1348 -1
1333 1501 -1
1334 1336 -1
1334 1343 -1
1334 1347 1
1334 1350 1
1334 1502 1
1334 1505 1
1335 1341 -1
1335 1345 1
1335 1505 -1
1336 1338 1
1336 1345 -1
1336 1347 1
1337 1338 1
1337 1342 -1
1337 1344 -1
1337 1501 1
1337 1502 -1
1337 1505 -1
1338 1340 1
1338 1343 -1
1338 1501 -1
1338 1503 -1
1339 1347 -1
1339 1501 1
1339 1503 1
1340 1342 1
1340 1346 1
1340 1350 -1
1340 1501 1
1340 1504 1
1341 1344 1
1341 1501 -1
1343 1501 -1
1343 1505 1
1344 1347 -1
1344 1348 -1
1344 1350 1
1344 1501 1
1345 1349 -1
1346 1504 1
1346 1505 1
1347 1503 -1
1348 1349 1
1349 1501 -1
1349 1502 -1
1349 1504 -1
1350 1503 -1
1351 1353 -1
1351 1364 1
1351 1501 1
1352 1367 -1
1353 1355 -1
1353 1358 1
1353 1360 1
1353 1363 -1
1353 1368 -1
1354 1373 -1
1354 1502 -1
1354 1504 -1
1355 1356 1
1355 1364 -1
1355 1501 1
1355 1502 -1
1356 1503 1
1357 1364 -1
1357 1370 1
1357 1372 -1
1357 1504 1
1358 1361 -1
1358 1372 -1
1358 1373 1
1358 1374 -1
1359 1367 -1
1359 1373 1
1359 1504 1
1360 1361 -1
1360 1363 -1
1360 1375 1
1360 1501 -1
1360 1503 1
1360 1504 -1
1361 1362 -1
1361 1366 -1
1361 1372 1
1361 1501 1
1361 1505 -1
1362 1365 -1
1362 1371 -1
1362 1502 1
1363 1370 1
1363 1371 1
1363 1375 -1
1363 1503 1
1363 1504 -1
1363 1505 1
1364 1367 1
1364 1368 1
1364 1372 1
1364 1501 1
1364 1502 -1
1364 1503 1
1365 1367 1
1366 1367 -1
1366 1370 -1
1366 1372 -1
1366 1503 1
1366 1505 1
1367 1368 -1
1367 1372 -1
1367 1503 -1
1367 1504 -1
1368 1369 1
1368 1372 1
1369 1373 1
1369 1375 1
1369 1501 -1
1369 1503 -1
1371 1373 -1
1371 1502 -1
1371 1504 -1
1372 1374 1
1372 1501 1
1372 1505 1
1373 1374 1
1373 1375 -1
1373 1504 -1
1374 1504 -1
1376 1377 1
1376 1396 -1
1376 1501 -1
1376 1505 -1
1377 1382 -1
1377 1385 1
1377 1392 1
1377 1393 1
1377 1396 -1
1377 1398 -1
1377 1400 -1
1378 1379 -1
1378 1380 -1
1378 1382 1
1378 1383 1
1378 1384 -1
1378 1391 1
1378 1397 -1
1378 1400 -1
1378 1503 -1
1379 1381 -1
1379 1386 1
1379 1388 -1
1379 1392 -1
1379 1395 -1
1379 1501 -1
1379 1502 1
1379 1505 1
1380 1384 1
1380 1390 -1
1380 1392 1
1380 1394 -1
1381 1385 1
1381 1390 -1
1381 1392 -1
1381 1396 1
1381 1504 -1
1382 1391 -1
1382 1399 -1
1382 1501 -1
1382 1502 1
1382 1504 1
1383 1400 -1
1384 1388 -1
1384 1393 1
1384 1395 -1
1384 1396 1
1385 1386 -1
1385 1388 -1
1385 1389 1
1385 1391 1
1385 1395 -1
1385 1397 1
1385 1504 -1
1386 1396 -1
1386 1501 -1
1386 1502 -1
1387 1390 -1
1387 1501 -1
1388 1397 1
1388 1399 1
1389 1390 1
1390 1392 1
1390 1393 1
1390 1394 -1
1390 1397 1
1391 1400 1
1391 1505 -1
1392 1399 -1
1393 1396 1
1393 1400 1
1394 1397 1
1394 1400 1
1394 1501 -1
1394 1502 1
1395 1397 -1
1395 1398 1
1395 1400 1
1398 1504 -1
1398 1505 1
1399 1400 -1
1399 1503 -1
1400 1505 1
1401 1407 1
1401 1409 1
1401 1412 -1
1401 1425 -1
1401 1504 -1
1402 1404 -1
1402 1410 -1
1402 1411 1
1402 1414 -1
1402 1424 -1
1402 1502 -1
1403 1404 -1
1403 1408 -1
1403 1419 -1
1403 1421 1
1403 1501 -1
1403 1505 1
1404 1407 -1
1404 1414 1
1404 1420 -1
1404 1423 -1
1404 1501 -1
1405 1407 -1
1405 1409 1
1405 1413 1
1405 1502 -1
1405 1504 1
1406 1408 1
1406 1411 1
1406 1412 -1
1406 1414 1
1406 1418 1
1406 1419 1
1407 1413 1
1407 1417 -1
1407 1503 -1
1408 1411 1
1408 1424 -1
1408 1503 -1
1408 1505 -1
1409 1412 -1
1409 1415 -1
1409 1417 -1
1409 1418 -1
1409 1420 1
1409 1425 -1
1409 1502 1
1409 1504 -1
1410 1418 -1
1410 1504 1
1410 1505 1
1412 1415 -1
1412 1417 -1
1412 1422 1
1412 1501 1
1412 1502 -1
1413 1414 1
1413 1504 -1
1413 1505 -1
1414 1415 -1
1414 1419 -1
1414 1425 -1
1415 1417 -1
1415 1421 1
1415 1423 -1
1415 1503 1
1416 1502 1
1416 1503 -1
1417 1419 1
1417 1421 1
1418 1422 -1
1418 1425 1
1418 1501 1
1418 1504 -1
1419 1421 -1
1420 1424 -1
1420 1501 1
1420 1503 -1
1421 1422 1
1421 1501 1
1421 1505 -1
1422 1501 -1
1422 1503 -1
1422 1504 1
1423 1501 1
1423 1503 -1
1424 1505 -1
1425 1504 -1
1426 1428 1
1426 1433 1
1427 1438 1
1428 1431 -1
1428 1433 -1
1428 1439 -1
1428 1445 1
1428 1502 1
1429 1432 -1
1429 1436 -1
1429 1446 -1
1429 1448 -1
1429 1502 -1
1429 1503 1
1430 1431 -1
1430 1436 -1
1430 1443 1
1430 1446 -1
1430 1449 1
1430 1505 -1
1431 1435 -1
1431 1448 -1
1431 1501 -1
1431 1502 1
1431 1505 -1
1432 1503 1
1432 1504 1
1433 1436 -1
1433 1437 -1
1433 1438 1
1433 1439 1
1433 1441 -1
1433 1446 -1
1433 1448 -1
1433 1450 -1
1433 1503 -1
1434 1435 -1
1434 1502 -1
1434 1505 1
1435 1440 1
1435 1448 -1
1435 1504 1
1435 1505 1
1436 1441 1
1436 1443 1
1436 1444 1
1436 1446 1
1436 1450 -1
1436 1502 -1
1436 1503 -1
1436 1505 1
1437 1450 -1
1438 1501 -1
1441 1448 -1
1441 1450 -1
1442 1443 1
1442 1450 1
1442 1505 -1
1443 1505 1
1444 1504 -1
1445 1449 -1
1445 1504 1
1445 1505 1
1446 1501 1
1446 1502 -1
1446 1504 -1
1447 1450 1
1447 1501 -1
1447 1504 -1
1448 1505 1
1449 1450 -1
1449 1502 1
1449 1503 1
1449 1505 -1
1450 1501 -1
1450 1504 -1
1451 1453 1
1451 1458 1
1451 1459 1
1451 1469 -1
1452 1459 -1
1452 1464 -1
1452 1466 -1
1452 1468 -1
1452 1470 1
1452 1471 1
1453 1455 -1
1453 1456 -1
1453 1462 1
1453 1474 -1
1453 1501 1
1453 1502 -1
1453 1504 -1
1454 1459 1
1454 1464 -1
1454 1467 -1
1454 1475 1
1454 1502 -1
1455 1468 1
1455 1472 1
1455 1474 -1
1455 1501 -1
1455 1504 -1
1456 1458 1
1456 1466 1
1456 1469 1
1456 1472 1
1456 1501 -1
1457 1459 1
1457 1460 1
1457 1466 -1
1457 1467 -1
1457 1469 1
1457 1473 -1
1457 1501 -1
1457 1503 -1
1458 1466 1
1458 1501 -1
1458 1505 -1
1459 1466 -1
1459 1468 -1
1460 1461 -1
1461 1462 1
1461 1475 1
1461 1502 -1
1461 1504 1
1461 1505 -1
1462 1464 1
1462 1472 1
1462 1473 -1
1462 1505 -1
1463 1465 -1
1463 1503 1
1463 1505 1
1464 1469 -1
1464 1470 1
1464 1504 1
1464 1505 -1
1465 1501 -1
1466 1467 1
1466 1468 1
1466 1475 -1
1466 1504 -1
1466 1505 1
1467 1473 1
1468 1502 1
1469 1470 -1
1469 1472 1
1469 1504 1
1470 1472 1
1470 1475 1
1471 1472 -1
1472 1474 -1
1472 1504 1
1472 1505 -1
1473 1475 -1
1473 1504 -1
1474 1504 -1
1474 1505 1
1476 1478 1
1476 1480 -1
1476 1485 -1
1476 1496 1
1476 1500 -1
1476 1505 -1
1477 1489 -1
1477 1491 -1
1477 1499 1
1478 1485 1
1478 1493 -1
1478 1500 -1
1478 1501 -1
1478 1503 -1
1479 1481 1
1479 1484 1
1479 1486 1
1479 1496 -1
1479 1497 1
1479 1501 -1
1479 1503 1
1479 1505 1
1480 1505 1
1481 1486 1
1481 1492 -1
1481 1495 1
1481 1503 1
1482 1495 1
1482 1503 -1
1482 1505 1
1483 1485 -1
1483 1488 -1
1483 1490 -1
1483 1494 1
1483 1496 1
1483 1505 1
1485 1488 1
1485 1498 -1
1486 1505 -1
1487 1488 1
1488 1497 -1
1488 1502 -1
1489 1492 1
1489 1496 -1
1489 1501 -1
1489 1504 -1
1490 1495 -1
1490 1496 -1
1490 1498 1
1490 1500 -1
1490 1504 1
1490 1505 1
1491 1493 -1
1491 1503 -1
1491 1505 1
1492 1493 -1
1492 1494 1
1492 1496 1
1492 1505 -1
1493 1502 1
1494 1502 1
1494 1504 1
1494 1505 1
1495 1496 1
1495 1504 1
1496 1497 -1
1496 1499 -1
1496 1501 -1
1496 1504 -1
1498 1502 1
1498 1505 -1
1499 1504 1
1499 1505 -1
1501 1502 -1
1501 1504 1
1502 1504 1
1502 1505 1
