2005 6035
1 13 1
1 24 -1
1 25 1
1 2003 1
1 2004 1
2 10 1
2 14 -1
3 12 1
3 15 -1
3 18 -1
3 2001 -1
3 2002 1
3 2004 1
4 5 1
4 15 1
4 2003 1
4 2005 1
5 13 1
5 17 -1
5 21 1
6 8 -1
6 10 -1
6 14 1
6 15 1
6 21 1
6 2003 1
7 15 1
7 16 -1
7 2001 -1
7 2003 1
8 18 1
8 23 1
8 2002 1
8 2005 1
9 11 1
9 13 -1
9 19 -1
9 23 1
9 2005 1
11 13 1
11 2001 -1
12 2002 1
12 2005 1
13 14 -1
13 23 -1
13 2004 1
14 15 1
14 2002 -1
15 18 1
15 19 1
15 20 -1
15 2005 -1
16 20 1
16 2005 -1
17 20 1
17 2002 1
18 21 1
18 23 1
18 25 1
18 2003 1
19 22 1
19 2005 1
20 2001 1
21 2001 1
21 2003 1
22 23 -1
22 25 1
23 2002 1
23 2003 -1
24 2003 -1
25 2001 1
26 30 -1
26 42 1
26 43 -1
26 48 -1
26 50 -1
26 2002 -1
26 2005 1
27 28 -1
27 29 -1
27 33 1
27 44 -1
27 48 1
27 2002 1
28 32 1
28 33 1
28 34 1
28 2002 1
28 2003 -1
29 34 -1
29 35 -1
29 36 1
29 41 -1
29 47 1
29 2001 -1
30 39 1
30 41 -1
30 43 -1
30 45 -1
30 49 1
30 2002 -1
30 2003 -1
31 37 -1
31 42 -1
31 2002 -1
32 35 -1
32 41 1
32 2002 1
33 35 -1
33 47 1
33 48 -1
34 35 -1
34 43 -1
34 2002 1
34 2004 1
35 44 -1
35 2005 -1
36 37 -1
36 39 -1
36 41 1
36 2001 -1
37 39 -1
37 46 1
37 47 1
37 2005 -1
38 45 1
38 47 1
38 49 -1
39 42 -1
39 2002 -1
39 2003 -1
40 41 1
40 45 -1
40 50 1
40 2001 1
40 2003 1
40 2004 -1
41 43 1
41 50 -1
41 2004 1
42 46 -1
42 47 -1
44 45 1
44 48 1
44 50 -1
44 2001 1
46 50 1
47 50 1
48 2003 1
50 2001 -1
51 53 1
51 60 -1
51 63 -1
51 72 -1
52 56 1
52 59 -1
52 63 -1
52 72 1
52 75 1
52 2003 1
53 55 -1
53 59 -1
53 61 1
53 62 -1
53 74 1
53 75 1
53 2001 -1
54 59 1
54 69 -1
54 70 -1
54 72 -1
54 2001 1
54 2002 1
54 2004 -1
55 62 1
55 70 -1
55 2001 -1
56 65 1
56 2001 1
56 2004 1
57 63 1
57 65 -1
57 71 1
58 59 -1
58 60 1
58 72 -1
58 2001 1
58 2004 -1
58 2005 -1
59 63 1
59 64 1
59 70 -1
59 74 1
59 2001 -1
59 2004 1
59 2005 1
60 71 1
60 74 1
60 2001 -1
60 2005 1
61 70 1
61 2005 -1
62 72 -1
62 2005 -1
63 65 -1
63 68 1
63 69 1
63 73 1
63 2002 -1
64 65 1
64 74 1
64 2002 1
65 70 -1
65 72 -1
65 2004 1
66 73 -1
66 2001 -1
66 2002 -1
66 2003 -1
66 2004 -1
67 2002 1
68 69 -1
68 71 -1
68 2001 1
68 2002 -1
68 2003 1
69 70 -1
69 2002 -1
70 2002 1
70 2005 1
71 72 -1
71 73 -1
72 2004 -1
73 2003 1
74 2002 -1
74 2003 1
74 2004 1
75 2005 1
76 83 -1
76 94 1
77 78 1
77 85 1
77 91 1
77 96 1
77 99 -1
77 2001 1
78 80 -1
78 85 1
78 92 -1
78 99 -1
78 2002 -1
78 2003 1
78 2004 1
78 2005 1
79 80 1
79 81 -1
79 87 1
79 93 1
79 2005 1
80 88 1
80 99 -1
80 100 1
81 88 -1
81 89 1
81 2001 1
82 87 -1
82 90 -1
82 2001 -1
82 2005 -1
83 92 1
83 97 -1
83 2005 -1
84 89 -1
84 96 1
84 100 1
84 2004 1
84 2005 -1
85 94 1
85 98 1
85 100 1
86 94 -1
86 2001 -1
86 2002 1
87 90 1
87 91 -1
87 2001 -1
87 2004 -1
88 99 -1
89 2002 -1
90 97 1
90 2002 -1
90 2005 -1
91 2002 1
91 2004 -1
93 98 1
93 100 1
93 2005 -1
94 96 1
94 2002 -1
95 99 -1
96 2004 -1
96 2005 1
98 2002 1
99 2001 -1
99 2002 1
99 2003 -1
99 2004 -1
100 2001 -1
101 110 -1
101 112 -1
101 119 -1
101 121 1
101 2001 1
101 2004 1
101 2005 -1
102 103 1
102 2005 -1
103 108 1
103 109 1
103 110 -1
103 113 -1
103 114 -1
103 122 -1
103 123 -1
104 110 -1
104 114 1
104 2001 -1
104 2003 -1
104 2004 -1
105 108 -1
105 109 1
105 123 -1
105 2005 1
106 109 1
106 111 -1
106 112 -1
106 121 1
106 2002 1
106 2003 -1
106 2004 1
107 110 1
107 121 1
107 2004 1
108 110 -1
108 112 -1
108 117 -1
108 2005 1
109 110 -1
109 112 1
109 115 -1
109 119 1
109 120 1
109 121 -1
109 124 1
110 112 1
110 121 1
110 122 1
110 124 1
110 125 -1
111 116 -1
111 122 -1
112 114 1
112 116 1
112 122 -1
112 2002 -1
113 116 1
113 119 -1
113 121 -1
113 124 -1
114 119 1
114 120 -1
114 123 1
114 2003 -1
115 124 1
115 2001 1
115 2005 -1
116 118 -1
116 121 -1
116 2004 -1
117 122 -1
118 120 1
118 2001 1
118 2004 -1
118 2005 -1
120 2001 1
120 2002 -1
121 122 1
121 125 1
121 2005 1
122 2003 1
123 2004 -1
123 2005 -1
124 2003 1
124 2004 -1
125 2001 -1
125 2005 -1
126 142 -1
126 145 -1
126 149 1
126 2002 -1
126 2003 1
126 2004 -1
127 133 1
127 137 1
127 138 -1
127 139 -1
127 145 -1
127 150 -1
127 2004 1
128 140 -1
128 145 1
129 133 -1
129 137 -1
129 138 -1
129 2005 -1
130 137 1
130 141 -1
130 143 1
130 148 1
130 2001 1
131 132 1
131 137 -1
131 141 1
131 2002 1
131 2003 1
132 140 1
132 2004 1
133 136 -1
133 145 1
133 147 1
133 2004 1
134 135 -1
134 137 1
134 144 -1
135 136 -1
135 141 1
135 2005 1
136 142 1
136 143 -1
136 2001 1
136 2005 1
137 138 -1
137 143 -1
137 2003 1
137 2004 1
138 147 1
138 2003 1
139 146 1
139 148 -1
139 149 1
139 2001 -1
140 146 -1
140 150 -1
140 2001 1
142 145 1
142 147 -1
145 2001 -1
146 2002 1
146 2003 -1
146 2004 -1
147 150 -1
147 2002 1
147 2003 -1
149 2005 -1
150 2003 1
151 162 -1
151 167 1
151 172 -1
151 2001 -1
151 2002 1
152 162 -1
152 169 -1
152 170 1
153 164 -1
153 166 -1
153 167 -1
153 2004 -1
154 164 1
154 2003 1
154 2004 -1
155 159 1
155 162 -1
155 163 -1
155 165 1
155 2001 -1
155 2002 1
155 2003 -1
156 163 1
156 167 1
156 170 -1
156 171 -1
156 2003 -1
156 2005 1
157 163 -1
158 166 1
158 2003 -1
159 161 -1
159 168 -1
159 2003 1
159 2004 -1
160 172 1
161 163 -1
161 171 -1
161 172 -1
161 2005 1
162 163 -1
162 164 -1
162 173 1
162 2001 -1
162 2002 -1
162 2005 1
163 174 1
163 2004 -1
164 166 1
164 167 -1
164 2002 1
164 2004 1
165 170 -1
165 171 1
165 2003 -1
166 169 1
166 174 1
166 175 -1
167 170 -1
167 2001 -1
167 2005 -1
168 171 -1
169 173 1
169 2002 -1
170 2001 1
170 2003 1
171 2002 -1
172 2002 -1
172 2003 1
174 175 -1
174 2001 -1
174 2005 1
175 2002 1
175 2005 1
176 184 1
176 190 1
176 191 -1
176 196 -1
176 197 -1
176 2001 -1
177 188 -1
177 191 -1
177 199 1
177 200 1
177 2001 -1
177 2002 -1
178 184 -1
178 193 1
178 2005 1
179 180 1
179 184 1
179 188 -1
179 193 1
179 196 1
179 2003 1
180 183 1
180 190 1
180 198 -1
180 2001 1
180 2003 1
181 188 -1
181 189 -1
181 2004 -1
182 190 -1
182 2004 1
182 2005 1
183 194 1
183 196 1
183 200 -1
183 2004 -1
184 186 1
184 188 1
184 191 -1
184 195 -1
184 2002 1
184 2005 -1
185 189 -1
185 193 -1
185 196 -1
185 198 1
185 2002 1
186 192 1
186 2004 1
186 2005 1
187 191 -1
187 2001 -1
188 192 -1
188 199 -1
188 2002 -1
189 193 1
189 2002 -1
189 2003 1
189 2004 1
189 2005 1
190 194 1
191 195 1
191 196 -1
191 200 1
191 2002 -1
192 194 -1
192 196 -1
192 2005 -1
193 196 1
193 2003 1
194 199 -1
194 200 -1
195 196 1
195 200 1
195 2001 -1
196 200 -1
197 2004 -1
197 2005 -1
198 2004 1
198 2005 -1
199 2004 1
200 2001 -1
200 2004 -1
201 209 1
201 211 -1
201 217 1
201 222 1
201 2002 -1
202 214 1
202 221 1
203 205 1
203 209 1
203 210 -1
203 212 1
203 2005 1
204 207 1
204 211 -1
204 224 -1
204 2001 1
204 2002 1
204 2004 1
204 2005 1
205 207 -1
205 210 1
205 211 1
205 217 -1
205 2001 -1
205 2002 -1
206 225 1
206 2001 1
206 2002 -1
206 2005 -1
207 208 1
207 210 -1
207 213 1
207 218 -1
208 214 -1
208 2001 1
208 2002 1
209 212 1
209 221 -1
209 222 -1
209 2005 -1
210 212 1
211 216 1
211 218 -1
211 2001 -1
211 2002 -1
211 2003 -1
212 220 1
212 2002 -1
212 2003 1
212 2004 -1
213 214 -1
213 224 -1
214 216 -1
214 220 -1
214 221 1
215 217 -1
215 2003 1
216 219 1
217 219 -1
217 224 1
218 2001 -1
220 224 -1
220 2005 1
221 224 1
221 2001 1
223 2003 1
224 2002 1
224 2005 1
226 236 1
226 238 1
226 246 -1
226 250 -1
227 229 1
227 232 -1
227 242 -1
227 243 -1
227 250 -1
228 230 -1
228 232 -1
228 239 1
229 230 1
229 241 1
229 244 1
229 246 1
229 250 1
230 244 -1
230 2001 1
231 239 -1
232 244 -1
232 2002 1
232 2003 1
233 235 1
233 246 -1
233 248 -1
233 2003 -1
234 236 1
234 243 -1
234 245 -1
234 2003 -1
235 237 -1
235 244 1
235 245 -1
235 2003 -1
236 247 1
236 2001 1
236 2002 1
236 2004 1
237 238 1
237 250 -1
238 243 1
238 244 1
238 2001 1
238 2003 -1
238 2005 1
239 2003 1
239 2005 1
240 2004 1
241 243 1
241 247 -1
241 249 1
241 2002 1
241 2003 -1
241 2005 1
242 244 -1
242 249 1
242 2002 -1
243 245 1
243 246 1
243 2001 -1
243 2002 -1
243 2003 1
244 2001 1
244 2002 -1
245 2005 -1
246 2001 -1
246 2003 -1
246 2005 1
248 2002 1
248 2003 -1
248 2005 -1
249 2004 -1
249 2005 1
250 2005 1
251 261 -1
251 267 1
251 2001 1
251 2005 1
252 262 1
252 264 1
252 270 1
252 271 -1
252 274 -1
253 260 1
253 261 -1
253 263 1
253 268 -1
253 2003 -1
254 256 -1
254 264 1
254 270 -1
254 273 -1
255 256 -1
255 270 -1
255 272 -1
255 273 1
255 275 -1
255 2001 1
255 2002 -1
256 262 1
256 264 -1
256 265 1
256 275 1
256 2003 -1
256 2005 -1
257 265 -1
257 273 1
257 274 -1
257 2001 1
257 2002 1
257 2004 -1
257 2005 1
258 260 1
258 265 1
258 267 1
258 268 -1
258 270 1
258 2001 -1
258 2005 -1
259 262 -1
259 269 1
259 270 1
259 272 1
259 273 -1
259 2003 1
260 265 -1
260 275 1
260 2001 1
261 262 -1
261 264 -1
261 270 1
261 274 -1
261 2003 1
262 263 -1
262 267 -1
262 2004 -1
263 265 -1
263 2003 -1
264 2005 -1
265 272 1
266 271 -1
266 274 -1
266 2003 1
268 271 -1
268 272 1
268 274 -1
268 2002 -1
268 2004 -1
269 273 1
269 275 1
269 2001 1
270 2004 -1
270 2005 1
271 273 -1
271 2002 -1
271 2003 1
271 2005 1
273 2003 -1
273 2004 -1
274 2001 1
274 2002 1
274 2003 -1
275 2001 -1
275 2002 1
276 277 -1
276 285 1
276 291 1
276 292 -1
276 2003 1
277 278 1
277 282 -1
277 287 -1
277 289 1
277 293 -1
277 297 -1
277 298 1
277 2005 -1
278 285 -1
278 289 1
278 297 -1
278 2003 -1
279 285 1
279 289 -1
279 290 -1
279 299 1
280 283 1
280 297 1
281 291 1
281 294 1
281 299 1
281 300 -1
281 2004 -1
282 290 -1
282 296 1
282 2002 1
282 2005 1
283 284 -1
283 287 1
283 298 -1
283 299 -1
283 2002 -1
283 2005 1
284 294 -1
284 2003 1
284 2004 1
285 286 -1
285 289 1
285 293 -1
285 2004 -1
285 2005 -1
287 2002 -1
288 290 -1
288 292 1
288 294 -1
288 295 1
288 2001 1
289 295 -1
289 299 -1
290 2004 -1
291 298 -1
291 2002 1
291 2004 1
291 2005 -1
292 293 -1
292 297 -1
292 2001 -1
293 295 -1
293 296 -1
293 2002 -1
293 2005 -1
294 296 1
294 2002 -1
295 2002 -1
295 2003 -1
295 2004 -1
295 2005 -1
296 300 -1
296 2002 1
296 2003 -1
296 2005 1
297 2002 -1
297 2004 1
299 2001 -1
301 307 -1
301 319 1
301 2005 1
302 303 -1
302 306 -1
302 311 1
302 312 -1
302 315 1
302 319 -1
302 320 -1
303 306 1
303 318 1
303 321 -1
303 2002 -1
304 307 1
304 319 1
304 2004 1
304 2005 1
305 311 -1
305 314 -1
305 320 1
305 322 -1
305 325 1
305 2002 1
305 2005 -1
306 322 -1
307 308 -1
307 317 -1
307 321 1
307 323 -1
308 311 1
308 320 1
308 322 -1
308 323 -1
308 2004 -1
309 315 1
309 317 -1
309 318 -1
309 322 1
309 323 -1
310 311 1
310 322 -1
310 2004 1
311 320 -1
311 2003 1
312 316 1
312 318 -1
312 323 1
313 322 -1
313 2002 -1
314 317 -1
314 2002 1
314 2004 -1
315 322 1
315 323 -1
315 2002 1
315 2004 -1
315 2005 1
316 323 -1
316 2001 1
316 2003 1
316 2004 -1
317 322 1
318 324 -1
318 2002 1
318 2004 1
318 2005 1
319 320 1
319 2003 1
320 321 1
320 2003 -1
321 2003 1
322 325 1
322 2004 -1
324 2005 1
325 2001 -1
325 2002 1
326 328 -1
326 336 -1
326 343 1
326 345 -1
326 347 1
326 2002 -1
326 2003 1
327 332 -1
327 341 -1
327 346 -1
327 350 -1
327 2003 -1
327 2004 1
328 332 1
328 334 -1
328 349 1
329 334 1
329 339 1
329 342 1
329 348 -1
329 2002 -1
329 2003 1
329 2004 1
330 331 1
330 332 -1
330 341 -1
330 2004 -1
331 332 -1
331 2003 -1
331 2004 1
332 340 1
332 341 1
332 344 1
332 346 -1
332 347 -1
332 2002 1
332 2004 1
333 344 -1
333 350 1
333 2003 -1
334 337 1
334 338 1
334 341 1
334 342 1
334 343 -1
334 345 -1
334 2005 -1
336 337 1
336 342 -1
336 349 1
336 2005 -1
337 344 1
337 346 -1
338 347 -1
338 350 1
338 2001 1
338 2005 1
339 340 1
339 341 1
339 345 1
340 344 1
340 347 -1
340 349 -1
340 2002 1
341 2001 1
341 2002 1
341 2005 1
342 349 1
342 2004 -1
342 2005 1
343 344 1
344 346 -1
344 2003 -1
345 349 1
345 2005 1
346 347 1
347 2002 1
348 2002 1
348 2003 -1
348 2005 1
349 2003 1
350 2001 1
350 2003 1
351 2001 1
351 2002 1
352 370 1
352 375 -1
352 2001 -1
352 2003 1
352 2004 -1
353 368 1
353 369 1
354 356 1
354 361 1
354 370 1
354 371 1
354 375 1
355 356 -1
355 362 1
355 366 1
355 369 -1
355 370 -1
355 371 -1
355 2002 -1
356 358 1
356 367 -1
356 370 1
356 372 -1
356 2004 1
357 360 1
357 372 1
357 2002 1
358 362 1
358 364 1
358 365 -1
358 366 1
358 368 -1
358 371 -1
359 362 1
359 368 -1
360 366 1
360 368 1
360 374 1
360 2005 1
361 366 1
361 369 1
361 2004 -1
361 2005 1
362 364 1
362 369 -1
363 364 -1
363 366 1
364 365 -1
364 2004 -1
364 2005 -1
366 367 -1
366 2001 1
366 2002 1
367 373 -1
367 375 1
367 2001 1
368 371 1
368 2001 1
368 2002 1
369 372 -1
370 2003 -1
373 2003 -1
374 2001 -1
375 2003 -1
375 2005 -1
376 378 1
376 393 1
376 394 1
376 2003 1
377 379 -1
377 390 1
378 394 -1
378 395 1
378 400 1
378 2002 -1
378 2003 -1
379 391 -1
379 392 -1
379 393 -1
379 2001 1
379 2005 -1
380 390 1
381 386 -1
381 394 -1
381 397 1
381 398 -1
381 400 -1
382 394 1
382 395 -1
382 2001 1
382 2004 1
382 2005 -1
383 385 1
383 386 1
383 393 1
384 385 -1
384 391 -1
384 2004 1
385 391 1
385 2001 1
386 2002 -1
387 397 1
387 2004 1
388 392 1
388 397 1
388 400 -1
388 2005 1
389 393 -1
389 394 1
389 395 1
389 2003 1
389 2004 -1
390 391 -1
390 393 1
390 399 1
391 2005 -1
392 2002 1
392 2004 -1
393 397 1
393 400 -1
393 2005 1
394 395 1
394 397 -1
394 2001 -1
395 396 1
395 2003 -1
397 2004 1
398 2002 1
399 400 -1
399 2005 1
400 2004 1
401 405 -1
401 406 -1
401 419 -1
402 404 -1
402 412 1
402 417 -1
402 2002 1
403 405 1
403 407 1
403 412 1
403 423 1
403 424 1
404 411 1
404 412 1
404 413 -1
404 414 1
404 420 1
405 407 -1
405 411 -1
405 415 -1
405 417 -1
405 423 1
405 2003 1
406 410 -1
406 412 -1
406 416 -1
406 2004 -1
407 412 -1
407 2001 1
407 2003 -1
407 2004 -1
408 417 1
408 425 1
408 2005 -1
409 418 1
409 420 -1
409 423 -1
409 424 -1
409 2001 1
409 2003 1
409 2004 1
409 2005 -1
410 422 1
410 423 -1
411 412 1
411 423 -1
411 424 1
411 2001 -1
411 2003 -1
411 2005 -1
412 424 1
412 2005 1
413 417 1
413 424 1
413 425 -1
414 419 1
414 420 1
415 2005 -1
416 419 1
416 2003 1
418 2002 1
419 423 -1
419 2001 -1
420 421 -1
421 422 -1
421 2004 1
422 425 1
423 425 -1
424 2002 -1
424 2004 1
425 2004 1
426 433 1
426 434 1
427 435 -1
427 441 1
427 445 -1
427 2001 1
427 2005 1
428 429 -1
429 434 -1
429 439 -1
429 446 -1
429 448 1
429 2001 1
430 433 1
431 439 -1
431 2003 -1
432 433 1
432 445 1
432 448 1
433 447 -1
433 448 1
433 2002 -1
433 2003 1
433 2004 1
434 441 -1
434 443 1
435 436 1
435 445 -1
435 2003 -1
436 445 -1
436 446 -1
436 2002 -1
437 448 1
437 2002 1
438 440 -1
438 443 1
438 2004 1
438 2005 -1
439 442 -1
439 448 1
439 450 1
439 2001 1
439 2003 -1
441 2001 1
442 450 -1
442 2002 1
443 447 1
443 2003 1
445 450 1
446 2001 1
446 2003 1
447 2003 1
449 2004 -1
451 461 -1
451 468 -1
451 469 -1
451 475 1
452 455 -1
452 460 1
452 463 -1
452 468 -1
452 2003 -1
453 454 1
453 462 1
453 465 -1
453 466 -1
453 474 -1
454 456 1
454 475 1
454 2005 1
456 460 -1
456 471 -1
456 2003 1
456 2004 -1
457 464 1
457 467 1
457 473 1
457 2002 -1
457 2004 1
458 459 -1
458 463 -1
458 466 -1
458 467 1
458 468 1
459 2003 -1
459 2005 -1
460 462 1
460 467 -1
460 471 -1
461 465 1
461 2001 1
461 2003 -1
462 468 -1
463 467 1
463 471 1
463 2003 -1
464 473 -1
464 2005 1
465 468 1
465 2003 -1
466 475 -1
466 2005 -1
467 471 1
467 2002 1
469 473 -1
470 475 -1
470 2002 1
470 2003 -1
471 2003 -1
471 2005 1
472 474 1
474 2003 1
476 479 -1
476 491 1
476 2004 1
477 493 1
477 496 -1
477 2001 1
477 2003 -1
477 2005 -1
478 481 -1
478 483 1
478 489 1
478 490 1
478 491 1
478 500 -1
479 493 1
479 2001 1
479 2005 1
480 492 1
480 499 -1
481 493 1
481 497 -1
481 499 -1
482 489 -1
482 500 -1
482 2001 -1
482 2004 -1
483 500 -1
484 2004 1
485 496 -1
485 498 1
485 499 -1
486 489 -1
486 490 -1
486 495 1
486 499 1
486 500 1
486 2001 -1
488 490 -1
488 491 -1
488 493 -1
488 496 1
488 497 -1
488 500 1
488 2002 1
488 2003 1
489 491 -1
489 495 -1
489 499 -1
490 494 -1
490 2002 -1
492 496 -1
492 499 -1
492 2001 1
493 496 1
495 496 -1
495 2004 1
496 499 -1
496 2004 1
498 499 -1
498 2005 1
499 2002 1
500 2001 1
500 2003 1
500 2005 -1
501 505 -1
501 506 -1
501 512 -1
501 515 -1
501 524 -1
502 505 -1
502 508 1
502 517 -1
502 521 1
502 2003 -1
503 511 1
503 517 1
504 508 1
504 519 1
504 523 1
504 2004 1
504 2005 1
505 507 -1
505 508 -1
505 520 1
505 2001 1
506 513 -1
506 521 -1
506 522 1
506 524 -1
507 520 1
507 521 1
507 523 -1
507 2002 1
507 2003 1
508 509 1
508 512 1
508 515 1
508 519 -1
508 521 1
508 2003 1
509 516 1
509 520 -1
509 521 -1
509 2002 -1
509 2003 -1
510 511 -1
511 515 -1
511 517 -1
511 520 -1
511 521 1
511 523 1
511 524 -1
511 2005 -1
512 513 1
512 515 -1
512 2005 -1
513 523 1
513 2004 1
514 516 1
514 522 1
514 2001 -1
514 2005 -1
515 516 1
515 519 -1
515 2002 -1
515 2003 1
518 522 -1
518 2001 1
519 521 1
519 522 1
519 523 1
520 2003 -1
521 2001 1
521 2004 1
522 2002 -1
522 2003 1
523 2001 -1
523 2004 -1
524 525 1
524 2003 -1
525 2001 -1
525 2003 -1
525 2004 1
526 531 -1
526 538 -1
526 2004 1
527 528 -1
527 529 1
527 541 -1
527 547 1
527 2004 -1
528 530 -1
528 539 1
528 542 -1
528 548 -1
528 550 1
528 2005 -1
529 550 -1
530 534 1
531 535 1
531 540 1
531 546 -1
531 2002 1
531 2005 -1
532 545 1
532 2002 1
533 534 -1
533 538 1
533 548 -1
534 536 1
534 541 -1
534 547 1
535 540 -1
535 2003 1
536 540 -1
536 542 1
536 546 1
536 550 -1
536 2004 1
537 544 1
537 546 -1
537 550 -1
537 2004 -1
538 549 -1
538 2001 -1
538 2002 1
538 2005 -1
539 545 1
539 2001 1
539 2003 -1
540 2003 -1
541 542 -1
541 543 1
541 550 1
541 2002 -1
541 2003 -1
542 550 -1
544 548 1
544 549 -1
545 547 -1
545 548 -1
545 2004 -1
545 2005 -1
546 549 1
547 549 1
547 2001 1
548 2002 -1
548 2003 -1
549 2001 -1
550 2001 1
550 2003 1
551 563 1
551 571 1
551 2002 -1
551 2004 1
552 566 1
552 569 -1
552 573 1
552 2003 -1
553 558 -1
553 560 -1
553 562 -1
553 566 1
553 568 1
554 558 1
554 572 -1
554 574 -1
554 2001 1
555 558 -1
555 564 1
555 565 -1
555 566 -1
555 567 1
555 2005 1
556 560 1
556 562 -1
556 563 -1
556 571 -1
556 2001 1
557 570 1
557 574 -1
558 561 1
558 563 -1
558 566 -1
558 567 1
558 572 -1
558 573 -1
558 574 1
558 2002 1
559 560 -1
559 561 1
559 2001 1
559 2005 1
560 564 1
560 568 -1
560 572 1
560 573 1
561 563 1
561 565 -1
561 566 -1
561 568 -1
561 575 1
562 572 -1
562 2001 -1
563 564 1
563 565 1
563 573 -1
563 2003 1
563 2004 1
564 568 -1
564 575 1
565 568 -1
565 2003 1
566 567 1
566 568 -1
567 574 -1
568 571 -1
568 2001 1
568 2004 1
569 2004 -1
569 2005 -1
570 2002 1
570 2004 1
571 2002 1
571 2003 -1
572 573 1
572 574 1
572 2004 -1
575 2001 -1
576 577 -1
576 591 -1
576 596 -1
576 597 -1
576 2001 1
576 2003 -1
577 585 -1
577 588 1
577 593 1
577 596 1
577 597 -1
577 599 1
577 2001 -1
577 2003 -1
578 580 1
578 582 1
578 597 -1
578 598 -1
578 2001 1
578 2004 -1
579 580 -1
579 586 1
579 591 -1
579 592 -1
579 2005 -1
580 596 1
580 2003 1
580 2005 1
581 583 -1
581 590 -1
581 599 1
581 2004 1
582 588 -1
582 591 -1
582 596 -1
582 597 1
582 599 -1
582 2001 -1
582 2002 1
582 2003 1
583 586 1
583 587 1
583 595 1
583 597 1
583 2002 1
583 2005 -1
584 586 1
584 588 1
584 589 1
584 593 1
584 596 1
584 599 1
584 2005 1
585 592 -1
585 595 1
585 600 -1
586 587 1
586 596 1
587 589 -1
587 2001 1
587 2003 1
587 2004 1
588 592 -1
588 597 1
588 2003 1
588 2005 -1
589 592 -1
589 593 1
589 598 1
589 599 1
589 2004 1
589 2005 -1
591 592 -1
591 593 -1
591 596 -1
591 598 1
591 2001 -1
592 595 -1
592 2001 1
593 598 1
593 599 1
593 600 1
594 2002 1
595 596 -1
595 2001 1
596 2003 -1
596 2004 -1
596 2005 1
597 600 -1
597 2002 1
598 2002 1
598 2003 -1
599 2001 -1
599 2002 -1
601 602 1
601 606 1
601 611 -1
601 616 1
601 620 1
601 624 -1
601 625 1
601 2001 1
602 605 -1
602 609 1
602 619 1
602 2002 1
603 604 -1
603 610 1
603 615 1
603 2005 -1
604 607 -1
604 619 1
604 622 1
604 2001 -1
604 2004 1
605 608 1
605 615 -1
605 622 -1
605 624 -1
605 2001 1
605 2005 -1
606 609 1
606 616 -1
606 623 -1
606 624 -1
606 625 1
606 2001 1
606 2005 -1
607 609 -1
607 623 1
607 2004 -1
608 612 -1
608 618 -1
609 613 -1
609 618 -1
609 2001 1
609 2004 1
610 612 -1
610 616 -1
610 617 -1
610 621 1
610 625 1
610 2001 1
611 2003 -1
612 617 1
612 619 -1
614 625 -1
615 2001 1
615 2002 -1
615 2005 -1
616 618 -1
616 621 -1
616 623 1
616 2001 1
616 2004 -1
617 2002 1
617 2004 1
618 622 1
618 625 -1
619 625 -1
619 2002 1
620 621 -1
620 2005 1
621 2004 1
622 2001 1
622 2003 1
623 2003 -1
623 2005 1
625 2003 -1
626 627 -1
626 628 -1
626 641 1
626 642 -1
626 644 -1
626 2004 -1
627 628 -1
627 629 -1
627 630 1
627 632 -1
627 2001 -1
628 636 -1
628 637 -1
628 638 1
628 642 -1
628 648 1
628 650 -1
628 2002 -1
628 2005 1
629 632 -1
629 643 -1
629 649 -1
629 2002 1
630 641 1
630 645 1
630 649 1
631 636 1
631 637 1
631 639 1
631 640 -1
631 643 -1
631 645 -1
631 2003 1
631 2004 -1
631 2005 1
632 2002 -1
632 2003 1
632 2004 -1
633 642 -1
633 646 1
634 2003 1
635 637 1
635 638 -1
635 641 1
635 643 1
635 645 1
635 2002 -1
635 2005 -1
636 649 -1
637 643 -1
637 648 1
637 2005 1
638 643 -1
638 2001 1
638 2004 -1
639 644 -1
639 2004 -1
640 644 -1
640 648 1
640 650 -1
640 2002 -1
641 649 1
641 2002 -1
641 2004 -1
643 645 1
643 647 1
643 648 -1
643 650 1
643 2001 1
643 2002 1
643 2004 -1
644 647 1
644 649 -1
644 2002 -1
644 2004 1
646 2002 -1
646 2003 -1
647 2003 -1
647 2004 -1
647 2005 -1
648 2003 -1
648 2004 -1
651 663 -1
651 666 -1
651 2001 1
652 660 1
652 2005 -1
653 654 -1
653 659 -1
653 660 1
653 661 -1
653 668 1
653 669 -1
653 2001 1
653 2002 -1
653 2003 -1
654 657 1
654 661 -1
654 662 1
654 663 1
654 664 -1
654 671 -1
654 2002 1
654 2003 -1
654 2005 -1
655 656 -1
655 661 -1
655 674 1
655 2003 -1
655 2005 1
656 667 -1
656 2002 -1
656 2003 -1
657 663 -1
657 670 -1
657 674 1
657 2001 -1
658 662 -1
658 663 -1
658 671 -1
658 672 -1
658 673 -1
658 674 1
659 661 1
659 672 -1
660 661 -1
660 662 -1
660 670 1
660 2002 -1
660 2004 -1
661 667 1
661 670 -1
661 2004 1
663 668 -1
663 2003 -1
664 667 1
664 668 -1
664 670 1
664 675 -1
664 2005 -1
665 667 1
665 671 1
665 675 1
665 2004 -1
665 2005 -1
666 667 -1
666 672 1
666 2003 1
666 2004 1
667 2001 -1
668 670 1
668 2002 1
668 2004 1
669 674 -1
669 675 1
669 2003 1
670 2004 1
671 673 1
671 2003 1
674 2004 -1
675 2004 1
676 681 -1
676 685 1
676 688 -1
676 690 1
676 693 -1
676 700 -1
677 682 1
677 687 -1
677 699 1
677 2003 -1
678 680 -1
678 694 1
678 695 -1
678 696 1
679 689 1
679 2001 -1
679 2004 -1
680 696 -1
680 2001 -1
680 2003 -1
681 686 1
681 693 1
681 698 1
682 683 1
682 690 -1
682 693 1
682 694 1
682 697 -1
682 2001 1
683 684 1
683 686 -1
683 689 -1
683 694 1
683 2001 -1
684 690 -1
685 698 -1
685 699 -1
685 2001 -1
685 2002 -1
685 2003 1
685 2005 1
686 692 1
686 697 1
686 698 -1
686 2001 1
686 2005 1
687 689 1
687 2005 1
688 691 1
688 2003 -1
689 693 -1
689 696 -1
689 2001 1
690 693 1
690 697 1
690 699 -1
691 2001 -1
691 2005 1
692 697 -1
692 2002 -1
693 698 1
693 699 1
693 700 1
695 696 -1
695 698 -1
695 699 -1
695 2003 -1
696 699 -1
697 2005 1
698 2001 -1
698 2003 -1
699 700 1
699 2003 1
699 2005 -1
701 704 -1
701 705 -1
701 715 1
701 724 -1
702 709 -1
702 715 1
702 719 -1
702 2005 1
703 707 -1
703 709 -1
703 711 1
703 712 1
703 717 -1
703 720 1
703 724 1
704 708 1
704 712 1
704 717 1
704 719 1
704 721 -1
704 723 -1
704 725 1
705 714 -1
705 715 -1
705 716 -1
705 722 1
705 723 1
705 724 -1
706 709 1
706 712 1
706 724 1
706 2003 -1
707 716 1
707 721 -1
707 2001 -1
707 2003 -1
707 2004 -1
708 716 -1
708 725 -1
709 710 1
709 718 -1
709 723 1
709 2003 1
710 712 1
710 715 -1
710 718 -1
710 2002 1
711 718 1
711 720 -1
711 724 -1
712 724 -1
713 2002 1
713 2004 -1
713 2005 1
714 716 1
714 717 1
714 723 -1
714 2001 -1
716 725 -1
717 724 1
718 719 -1
718 720 -1
719 2005 -1
720 2005 -1
721 2001 1
721 2003 1
722 2001 -1
722 2005 -1
723 2002 1
723 2003 -1
724 2004 1
726 734 -1
726 739 1
726 745 -1
726 747 1
726 750 -1
726 2004 -1
726 2005 -1
727 739 1
727 744 1
727 2003 1
728 742 -1
729 744 1
729 745 1
729 746 -1
729 747 -1
729 750 1
729 2003 1
729 2004 -1
730 731 -1
730 740 1
730 741 -1
730 2002 1
731 2003 -1
732 736 1
732 745 1
732 746 1
733 2003 -1
733 2005 -1
734 736 -1
734 748 -1
734 750 1
734 2002 1
735 737 -1
735 738 -1
735 742 1
735 2002 -1
736 750 -1
736 2001 -1
736 2005 -1
737 741 -1
737 742 1
737 743 1
737 2001 1
737 2002 1
737 2003 -1
737 2004 -1
737 2005 -1
738 749 1
738 2001 1
738 2002 -1
739 740 1
739 745 1
739 746 -1
739 748 -1
739 2001 1
739 2002 -1
740 743 1
741 743 -1
741 749 1
741 2002 1
741 2005 1
742 743 1
742 746 -1
742 750 -1
742 2001 1
743 744 1
744 2002 1
745 2003 -1
749 2001 1
749 2002 -1
749 2005 -1
751 752 1
751 765 1
751 768 1
751 773 1
751 2002 -1
752 753 1
752 763 -1
752 766 1
752 774 1
752 775 -1
752 2002 -1
752 2004 -1
753 760 1
753 761 1
753 769 -1
753 773 1
753 774 1
753 2004 1
754 758 1
754 763 -1
754 764 -1
754 767 1
754 771 -1
754 773 1
755 756 1
755 758 -1
755 764 1
755 766 1
755 770 1
755 2003 -1
755 2005 1
756 757 -1
756 760 -1
756 766 -1
756 768 -1
756 2003 -1
757 761 1
757 767 -1
757 770 -1
757 774 1
758 762 1
758 763 -1
758 772 -1
758 773 -1
758 775 -1
758 2001 1
758 2003 1
759 767 -1
759 2004 1
759 2005 1
760 761 -1
760 768 1
760 771 1
760 773 -1
760 2001 1
760 2004 1
761 763 1
761 770 -1
761 771 -1
761 773 -1
761 2005 1
762 774 1
762 2002 1
762 2004 1
763 764 -1
763 2002 -1
764 765 1
764 772 -1
764 773 1
764 774 -1
764 2001 -1
765 768 1
765 775 1
766 767 -1
766 768 1
766 772 1
766 775 1
767 772 1
768 770 1
768 773 -1
768 2004 -1
769 774 -1
769 775 -1
769 2004 1
769 2005 -1
770 2003 -1
770 2004 1
770 2005 1
771 2002 -1
772 773 1
772 774 -1
772 775 1
772 2005 1
773 774 -1
773 775 -1
773 2003 1
774 775 -1
775 2002 -1
775 2004 1
776 781 1
776 784 -1
776 796 -1
776 798 1
776 799 1
776 2003 1
777 779 -1
777 783 -1
777 788 -1
777 794 1
777 796 1
777 2002 1
778 788 -1
778 797 1
778 799 1
778 2002 1
778 2004 1
779 780 -1
779 781 -1
779 800 1
780 788 1
780 789 1
780 790 -1
780 794 -1
780 797 1
780 799 -1
780 800 1
780 2002 1
780 2005 1
781 791 -1
781 797 -1
781 798 -1
781 800 -1
781 2002 1
781 2005 -1
782 788 1
782 790 -1
782 795 -1
782 799 1
782 800 1
782 2001 1
783 792 1
783 794 -1
783 800 1
783 2002 -1
783 2003 1
784 787 -1
784 791 1
784 800 -1
784 2001 -1
784 2003 1
785 791 -1
785 794 1
786 791 1
786 793 1
786 797 -1
786 2005 -1
787 789 1
787 791 1
787 794 1
787 800 1
787 2003 -1
787 2005 1
789 792 -1
789 793 -1
789 796 1
790 793 1
790 800 -1
790 2002 1
792 797 1
792 2003 1
792 2005 1
793 798 1
793 2005 -1
794 796 1
794 799 -1
794 2002 -1
795 797 -1
795 800 1
795 2002 1
796 2004 -1
799 2001 1
799 2005 -1
800 2002 -1
800 2003 -1
800 2005 1
801 803 1
801 814 1
801 815 -1
801 817 1
801 819 -1
801 2002 -1
801 2005 -1
802 807 1
802 808 1
802 2004 -1
803 808 1
804 807 -1
804 811 1
804 820 -1
804 2004 1
804 2005 -1
805 806 1
805 807 1
805 818 -1
805 2001 -1
806 808 1
806 813 1
806 822 -1
807 809 1
807 812 1
807 823 1
807 824 1
807 2001 1
807 2002 -1
808 813 -1
808 824 -1
808 2004 1
809 824 1
810 2003 -1
810 2005 1
811 812 1
811 821 -1
811 825 -1
812 822 1
812 2001 1
812 2003 -1
813 816 1
813 817 -1
813 821 1
813 824 -1
813 825 -1
813 2002 -1
814 821 1
814 822 -1
815 824 -1
815 2002 -1
816 824 -1
817 820 1
817 824 -1
818 821 -1
818 2003 -1
819 824 -1
819 2005 1
821 823 1
821 2001 1
821 2004 1
822 2001 -1
823 2004 1
825 2004 1
826 846 1
826 2003 1
826 2004 1
826 2005 -1
827 836 1
827 841 1
828 840 -1
828 850 1
828 2005 -1
829 835 -1
829 849 1
829 2002 1
829 2005 1
831 833 1
831 843 1
831 846 1
832 834 1
832 841 1
832 844 1
832 2002 1
832 2003 -1
833 834 1
833 840 -1
833 848 -1
833 2003 1
834 835 1
834 837 -1
834 848 1
834 2004 1
835 836 -1
835 839 -1
835 841 1
835 844 1
835 849 -1
836 838 1
836 839 -1
836 844 -1
836 845 1
836 850 -1
837 838 1
837 839 -1
837 850 -1
837 2005 -1
838 844 -1
838 848 1
838 2003 -1
839 845 1
840 849 -1
840 2001 -1
840 2002 -1
842 847 -1
842 2004 -1
842 2005 -1
843 847 1
843 849 1
843 850 1
843 2001 -1
843 2003 1
844 847 -1
844 2002 -1
846 847 -1
846 2001 -1
846 2003 -1
846 2005 -1
847 850 1
847 2001 1
847 2005 -1
848 2003 -1
851 854 -1
851 860 -1
851 861 1
851 862 -1
851 865 -1
852 859 -1
852 861 1
852 2001 -1
852 2002 -1
852 2003 -1
853 2005 -1
854 855 1
854 858 -1
854 861 1
854 864 -1
854 874 -1
854 875 1
855 860 1
855 863 1
855 866 1
855 867 1
855 868 -1
856 871 -1
856 2004 -1
857 861 -1
857 867 -1
857 874 1
858 860 -1
858 862 1
858 875 -1
858 2001 -1
859 867 -1
859 869 -1
859 870 1
859 875 -1
859 2004 1
860 2001 -1
860 2004 -1
861 863 1
861 865 1
861 869 1
861 872 -1
862 863 -1
862 872 -1
862 2005 1
863 874 1
864 869 1
864 871 1
864 872 1
864 2001 -1
864 2003 -1
865 866 -1
865 870 1
865 871 1
865 2002 1
866 870 1
867 873 1
867 2001 -1
867 2004 1
867 2005 -1
868 869 -1
868 870 -1
868 873 1
868 2004 -1
869 2005 1
870 871 -1
870 874 1
870 875 1
871 873 -1
871 2003 1
871 2004 -1
871 2005 -1
873 2004 1
874 2001 -1
874 2003 -1
875 2003 1
876 879 1
876 881 -1
876 886 -1
876 898 -1
877 878 -1
877 893 -1
877 2001 1
877 2002 -1
877 2004 1
878 884 1
878 885 -1
878 892 -1
878 897 -1
878 899 -1
878 2001 -1
878 2003 -1
879 884 1
879 886 1
879 887 -1
879 892 -1
879 2001 1
880 881 -1
880 884 -1
880 887 -1
880 895 -1
880 899 -1
880 2001 1
880 2003 1
880 2005 1
881 886 1
881 888 1
881 894 -1
881 899 1
882 888 1
882 889 -1
882 900 -1
883 889 -1
883 894 -1
883 2005 -1
884 885 1
884 887 -1
884 889 -1
884 896 -1
884 2003 -1
885 886 1
885 892 1
885 896 -1
885 2003 -1
885 2005 -1
886 888 -1
886 2003 1
887 890 -1
887 895 1
887 897 -1
887 2001 1
888 897 1
888 2003 -1
889 890 -1
889 896 -1
890 893 1
890 898 1
890 2004 1
891 893 1
891 894 1
891 2003 -1
892 895 1
892 2004 -1
893 2001 -1
893 2002 1
894 899 1
895 899 -1
896 2004 1
898 900 1
898 2003 -1
899 900 1
899 2005 -1
900 2003 1
900 2004 1
900 2005 -1
901 903 -1
901 909 -1
901 2001 1
902 913 -1
902 920 -1
902 925 -1
902 2004 1
903 909 -1
903 914 -1
903 919 1
903 922 -1
904 907 1
904 918 1
904 921 1
904 2005 -1
905 910 1
905 916 -1
905 919 1
905 924 1
905 2001 -1
906 2004 1
907 910 -1
907 913 -1
907 915 -1
908 916 -1
908 922 1
908 923 1
908 2001 -1
908 2005 -1
909 910 -1
909 917 -1
909 919 1
909 925 -1
910 919 1
910 922 -1
910 924 -1
910 2002 1
911 916 -1
911 917 1
911 921 -1
911 2003 -1
912 2002 1
913 924 1
914 919 1
915 916 1
915 924 1
915 925 1
915 2001 -1
915 2004 1
916 924 1
916 2001 1
916 2005 -1
917 922 -1
917 924 -1
917 2001 -1
919 923 1
919 2001 1
919 2002 -1
920 2001 1
920 2003 1
921 925 -1
921 2001 -1
921 2005 1
922 2002 1
922 2003 -1
923 2001 1
924 2001 -1
924 2004 1
924 2005 -1
926 927 1
926 934 1
926 938 1
926 947 -1
926 2001 1
927 946 -1
927 949 1
928 934 1
928 943 1
928 2001 -1
928 2002 1
928 2005 1
929 931 1
929 937 -1
929 949 -1
929 2005 -1
930 942 1
930 944 -1
931 934 1
931 950 1
932 933 1
932 935 1
932 940 1
932 941 1
932 2001 1
933 934 -1
933 950 1
933 2003 1
934 935 -1
934 936 1
934 2005 1
935 944 1
935 947 -1
935 949 -1
936 938 1
936 940 1
936 947 1
936 2003 -1
937 943 1
937 946 -1
937 2001 -1
939 941 1
939 948 1
939 2005 1
940 943 -1
940 2001 1
941 2004 -1
942 944 1
942 948 -1
942 2001 -1
942 2005 1
943 947 -1
943 2002 1
945 947 -1
945 2002 1
945 2003 -1
946 947 -1
947 2004 -1
948 2001 -1
948 2003 -1
948 2005 -1
949 950 1
950 2004 -1
951 953 1
951 955 1
951 962 -1
951 965 1
951 974 1
951 2001 -1
952 957 1
952 972 -1
952 2001 1
953 959 1
953 960 -1
953 963 1
953 975 1
954 963 -1
954 970 -1
954 2001 -1
955 960 -1
955 963 1
955 972 -1
955 975 1
955 2005 -1
956 959 -1
956 963 -1
956 968 1
956 969 -1
956 974 1
956 2005 1
957 958 -1
957 961 -1
958 962 -1
958 965 1
958 966 -1
958 973 -1
958 2004 1
958 2005 -1
959 968 1
959 971 1
959 2002 1
959 2005 -1
960 964 1
960 967 1
960 969 1
960 2001 -1
961 967 1
961 969 1
961 972 -1
961 975 1
961 2001 -1
961 2003 1
962 967 1
962 2003 1
962 2004 1
963 964 -1
963 966 -1
963 973 -1
964 970 1
964 2003 -1
965 966 -1
966 967 1
966 975 -1
967 971 1
967 2001 1
968 2005 1
969 2005 1
970 975 -1
970 2004 1
971 2001 1
971 2003 1
973 974 1
974 2002 1
974 2003 -1
974 2004 -1
975 2005 -1
976 977 -1
976 980 -1
976 2004 1
977 979 -1
977 2001 -1
977 2004 -1
977 2005 1
978 994 1
978 998 1
978 999 1
978 2001 1
978 2004 1
979 990 -1
979 2004 -1
980 982 1
980 987 1
980 1000 -1
981 1000 1
981 2001 1
982 987 -1
982 990 1
982 991 1
982 1000 1
983 987 1
983 989 -1
983 992 -1
983 993 1
983 1000 1
983 2005 -1
984 986 1
984 993 -1
984 2001 -1
984 2002 -1
985 989 -1
986 993 -1
986 2005 -1
987 989 1
987 992 1
987 2003 1
987 2005 -1
988 989 1
988 993 -1
988 996 -1
988 1000 -1
989 993 -1
989 2003 1
989 2004 -1
990 992 -1
990 2001 -1
990 2002 1
991 2003 1
992 996 1
993 2005 1
994 2001 -1
994 2004 -1
995 996 -1
995 998 -1
995 2002 1
995 2005 1
996 997 1
996 2002 -1
997 2003 1
997 2005 -1
998 2001 -1
998 2002 1
999 1000 -1
999 2002 1
999 2003 1
1000 2003 1
1001 1005 -1
1001 1013 -1
1001 1014 1
1001 1015 1
1001 1017 1
1001 1025 1
1001 2002 1
1002 1003 1
1002 1008 1
1002 1012 1
1002 1016 1
1002 1018 1
1002 1020 1
1002 1023 1
1002 2002 -1
1002 2003 -1
1003 1004 -1
1003 1022 -1
1003 1023 -1
1003 1025 -1
1003 2002 1
1003 2004 1
1004 1005 1
1004 1016 1
1004 2001 -1
1004 2005 -1
1005 1012 1
1005 1023 1
1005 2002 -1
1006 2002 -1
1006 2003 -1
1006 2005 1
1007 1015 1
1008 1019 -1
1008 1024 1
1009 1018 -1
1009 1024 1
1009 1025 1
1009 2002 -1
1009 2004 1
1010 1013 -1
1010 1018 -1
1010 1023 -1
1010 2001 1
1010 2004 -1
1011 1022 -1
1011 1025 -1
1011 2004 1
1011 2005 1
1012 1016 -1
1012 1017 1
1013 1021 1
1014 1015 -1
1014 2001 -1
1015 1023 1
1015 2002 -1
1015 2003 -1
1016 1018 1
1017 1018 1
1018 1021 1
1018 2001 -1
1018 2004 1
1018 2005 -1
1019 1020 -1
1019 2001 1
1020 2002 1
1020 2003 -1
1020 2005 1
1021 1024 1
1021 1025 1
1022 1024 -1
1022 1025 1
1023 2002 1
1023 2004 -1
1024 1025 1
1024 2001 -1
1024 2004 -1
1025 2001 1
1026 1029 -1
1026 1032 1
1026 1033 1
1026 1036 -1
1026 1039 -1
1026 1046 -1
1026 1047 -1
1026 2005 -1
1027 1039 -1
1027 1041 -1
1027 1043 -1
1027 2001 1
1027 2003 -1
1028 1033 -1
1028 1045 -1
1028 2005 1
1029 1035 -1
1029 1040 1
1029 1047 1
1030 1031 1
1030 1036 -1
1030 2001 -1
1031 1038 -1
1031 1039 1
1031 2001 -1
1031 2002 -1
1031 2004 1
1032 1039 1
1032 2001 -1
1032 2004 1
1033 1038 1
1033 1041 -1
1033 1042 1
1033 1044 1
1033 1048 1
1033 2001 -1
1034 1046 -1
1034 1050 1
1035 1042 -1
1035 1047 -1
1035 2002 1
1035 2004 1
1036 1037 -1
1036 1039 1
1036 1040 -1
1036 1041 1
1036 1043 1
1036 1050 1
1036 2002 1
1036 2005 -1
1038 1041 1
1038 1043 -1
1038 2001 -1
1039 1049 -1
1040 1042 -1
1040 1050 -1
1040 2003 -1
1040 2005 1
1041 1046 1
1041 2001 1
1041 2003 1
1042 2002 1
1042 2004 1
1043 1044 -1
1044 1047 1
1044 1048 1
1045 1048 -1
1045 2001 -1
1046 2001 1
1047 1048 1
1047 2001 -1
1049 2004 -1
1049 2005 -1
1051 1053 -1
1051 1056 -1
1051 1057 -1
1051 1062 1
1051 1064 1
1051 1073 -1
1052 1053 1
1052 1056 1
1052 1058 -1
1052 1064 -1
1052 1073 -1
1052 2003 1
1052 2005 -1
1053 1055 -1
1053 1057 -1
1053 1073 1
1053 2004 -1
1054 1055 -1
1054 1056 1
1054 1057 -1
1054 1060 -1
1054 1061 -1
1054 1062 -1
1054 1074 -1
1054 2002 1
1054 2003 -1
1055 1059 -1
1056 1060 1
1056 1072 1
1056 1075 -1
1057 1058 1
1057 1072 -1
1057 2003 1
1057 2004 -1
1058 1059 1
1058 1068 -1
1058 1075 -1
1059 1062 1
1059 1063 1
1059 1072 1
1059 1075 -1
1059 2004 -1
1059 2005 -1
1060 1061 1
1060 1066 -1
1060 2001 1
1060 2002 1
1060 2004 -1
1061 1064 -1
1061 2004 1
1062 1063 -1
1062 1069 1
1062 2002 1
1063 1064 1
1063 2004 1
1064 1068 -1
1064 1073 1
1064 1075 1
1064 2003 1
1065 1069 -1
1065 1074 -1
1065 2001 1
1065 2003 1
1065 2005 -1
1066 1068 -1
1066 1072 -1
1066 1073 1
1066 2003 1
1067 1070 -1
1067 2005 1
1068 2002 -1
1068 2004 -1
1069 2003 1
1069 2005 -1
1071 1075 1
1071 2002 1
1071 2004 1
1072 2001 1
1072 2004 -1
1072 2005 1
1073 2003 1
1076 1081 -1
1076 1086 1
1076 1095 1
1076 1098 1
1076 1100 1
1077 1082 1
1077 1083 -1
1077 1096 1
1077 1098 1
1077 2002 -1
1078 1080 1
1078 1086 -1
1078 1090 1
1078 1092 -1
1078 1093 -1
1078 2004 -1
1079 1085 1
1079 1094 1
1079 1100 1
1079 2004 1
1080 1089 -1
1081 1089 1
1081 1093 1
1081 2004 -1
1082 1089 -1
1082 1092 -1
1082 2001 -1
1082 2005 -1
1083 1097 -1
1083 2002 -1
1084 1088 -1
1084 1089 -1
1084 1094 1
1084 1097 -1
1084 2003 -1
1085 1086 1
1085 1089 1
1085 1091 -1
1085 1095 -1
1086 1096 -1
1086 2003 -1
1086 2004 1
1087 1094 1
1087 1100 1
1087 2001 1
1087 2005 1
1088 1095 1
1088 1100 1
1088 2003 -1
1089 1097 -1
1089 2001 1
1089 2003 -1
1090 1091 1
1090 1092 1
1090 1100 -1
1090 2002 -1
1090 2004 -1
1091 1095 1
1092 1094 -1
1092 1098 1
1092 1100 1
1092 2004 1
1093 2004 1
1094 1098 1
1094 2002 -1
1095 1097 -1
1095 2002 1
1096 1097 1
1096 1098 1
1096 1100 -1
1096 2005 1
1098 2002 -1
1098 2004 -1
1099 2003 -1
1101 1111 -1
1101 1117 1
1101 1120 1
1101 1121 -1
1101 1122 -1
1101 1124 1
1102 1104 1
1102 1107 -1
1102 1112 1
1102 1120 1
1102 1123 -1
1102 2004 -1
1103 1110 -1
1103 1111 1
1103 1112 1
1103 1123 -1
1103 1125 -1
1103 2002 1
1104 2004 1
1105 2004 1
1105 2005 1
1106 1107 1
1106 1108 -1
1106 1112 1
1106 1117 1
1106 1120 1
1106 1123 1
1106 2002 -1
1106 2004 -1
1107 1115 1
1107 2001 -1
1107 2005 -1
1108 1112 1
1108 1115 1
1108 1119 -1
1108 1123 -1
1108 1125 1
1108 2003 -1
1109 1110 -1
1109 1111 1
1109 1114 1
1109 2001 -1
1109 2004 -1
1110 1118 1
1110 1125 1
1110 2001 1
1110 2002 1
1111 1113 1
1111 1115 1
1111 1116 1
1111 1120 1
1111 1121 -1
1112 1117 1
1112 1119 1
1112 2005 1
1113 1121 1
1113 1123 -1
1114 1118 -1
1114 1119 1
1114 2001 1
1115 1121 1
1116 1123 -1
1117 1124 1
1117 2001 -1
1117 2003 -1
1118 1119 1
1118 1122 1
1118 1125 1
1119 1124 -1
1119 2003 1
1120 2004 1
1121 2005 1
1122 1123 -1
1122 2002 1
1122 2003 1
1122 2004 -1
1122 2005 1
1123 2003 1
1123 2004 1
1124 2001 1
1125 2001 -1
1125 2004 1
1126 1135 -1
1126 1140 -1
1126 1144 1
1126 1146 1
1126 1150 1
1126 2002 -1
1127 1137 -1
1127 1141 -1
1127 1144 -1
1127 1147 1
1127 1150 -1
1127 2001 1
1127 2002 -1
1127 2003 -1
1128 1139 -1
1128 1149 -1
1128 2003 -1
1129 1138 -1
1129 2003 1
1130 1133 1
1130 1146 -1
1130 1147 1
1130 2001 1
1130 2004 -1
1131 1132 -1
1131 1140 1
1131 1141 -1
1131 1143 -1
1131 1150 -1
1131 2005 1
1132 1135 1
1132 1140 -1
1132 1141 1
1132 1142 -1
1132 1149 1
1132 2002 1
1132 2005 1
1133 1138 1
1133 1149 1
1133 1150 -1
1133 2001 -1
1133 2004 -1
1134 1135 1
1134 1144 -1
1134 1147 -1
1134 2003 -1
1135 1150 -1
1135 2001 -1
1136 1138 -1
1136 2002 1
1137 1138 -1
1137 2002 -1
1138 1140 1
1138 1147 -1
1138 2005 -1
1139 1140 -1
1139 1141 1
1139 1147 1
1139 1149 -1
1139 2001 -1
1139 2002 -1
1139 2003 1
1140 1141 1
1140 2002 -1
1141 2002 1
1141 2004 1
1141 2005 -1
1142 1144 1
1142 1149 1
1143 1144 1
1143 1146 -1
1143 1148 -1
1143 1149 1
1144 1145 1
1144 2003 -1
1145 1150 -1
1146 2001 -1
1147 2005 -1
1148 1150 -1
1148 2003 -1
1149 1150 1
1149 2002 1
1149 2003 -1
1150 2001 -1
1150 2003 -1
1151 1157 -1
1151 1171 -1
1151 1175 -1
1151 2002 1
1152 1155 1
1152 1161 -1
1152 1169 -1
1152 1172 -1
1153 1157 -1
1153 1163 1
1153 1165 -1
1153 1168 1
1153 1169 -1
1153 1170 1
1153 2001 -1
1153 2005 1
1154 1173 -1
1154 2003 1
1154 2004 1
1155 1156 -1
1155 1171 -1
1155 1172 1
1155 1175 1
1155 2005 1
1156 1163 -1
1156 1164 1
1156 1169 -1
1156 1171 -1
1156 1173 -1
1156 2005 -1
1157 1159 -1
1157 1165 -1
1157 1167 1
1157 1169 -1
1157 1173 -1
1157 1174 -1
1158 1162 1
1158 1168 1
1158 1169 1
1158 1175 -1
1159 1167 1
1159 1173 -1
1159 1174 1
1159 2001 -1
1159 2003 1
1159 2004 -1
1160 1161 -1
1160 1162 -1
1160 1164 1
1160 1167 -1
1160 1169 1
1160 1173 1
1160 1174 -1
1160 1175 -1
1160 2001 -1
1160 2002 -1
1160 2003 1
1160 2004 -1
1161 1175 1
1161 2003 -1
1162 1169 1
1163 1167 -1
1163 2004 1
1163 2005 1
1164 1172 -1
1164 2003 1
1164 2005 1
1165 1171 1
1165 1175 -1
1165 2001 1
1165 2002 -1
1166 1175 1
1167 1172 1
1167 1174 -1
1167 2002 1
1168 1170 1
1168 2001 -1
1168 2003 -1
1169 1170 1
1169 2003 1
1170 2003 -1
1170 2004 1
1171 2002 -1
1171 2003 -1
1171 2004 -1
1172 2003 -1
1173 2001 1
1174 2001 1
1174 2005 -1
1175 2004 -1
1176 1177 1
1177 1181 -1
1177 1188 -1
1177 1195 1
1177 1198 1
1177 2004 1
1177 2005 -1
1178 1180 1
1178 1183 1
1178 2004 -1
1180 1181 -1
1180 1186 -1
1180 1192 1
1180 1194 1
1181 1183 1
1181 1187 -1
1181 2004 1
1182 1188 1
1182 1195 -1
1182 2004 -1
1183 1185 -1
1183 1186 1
1183 1188 1
1183 1194 1
1183 2002 -1
1183 2005 1
1184 1188 -1
1184 1191 -1
1184 1193 1
1184 1197 -1
1184 1198 -1
1184 2002 1
1185 1193 1
1185 1200 1
1185 2005 -1
1186 1192 1
1186 1196 -1
1186 1198 1
1186 1200 1
1187 1193 -1
1187 1198 1
1187 2001 1
1187 2003 -1
1189 1190 -1
1189 1192 -1
1190 1193 1
1190 1195 1
1190 2001 1
1190 2002 -1
1190 2004 -1
1190 2005 -1
1191 1196 1
1191 2004 -1
1192 1198 -1
1192 2003 1
1192 2004 1
1193 1194 -1
1193 1197 1
1193 2004 -1
1195 2002 1
1196 1197 1
1196 2002 1
1197 2002 1
1197 2004 1
1197 2005 1
1198 1199 -1
1198 2004 1
1198 2005 -1
1199 2003 1
1200 2004 -1
1201 1206 1
1201 2001 -1
1201 2004 -1
1201 2005 1
1202 1218 -1
1202 2002 1
1202 2005 -1
1203 1209 -1
1203 1210 1
1203 1216 1
1204 1209 1
1204 1216 -1
1204 1220 1
1204 2001 -1
1204 2003 -1
1205 1207 -1
1205 1208 1
1205 1216 1
1205 1217 1
1205 1225 1
1205 2002 -1
1205 2005 1
1206 1208 -1
1206 1211 -1
1206 1213 -1
1206 1217 1
1206 1223 -1
1206 1225 -1
1206 2001 -1
1206 2003 1
1206 2005 -1
1207 1209 1
1207 1211 -1
1207 1214 1
1207 1216 -1
1207 1224 1
1207 2004 1
1208 1216 -1
1208 2002 1
1208 2004 -1
1209 1211 1
1209 1215 -1
1209 1220 -1
1209 2002 1
1210 1219 1
1210 1225 1
1210 2005 -1
1211 2003 1
1212 2001 -1
1212 2003 -1
1213 2004 -1
1214 1222 1
1214 2002 -1
1214 2004 -1
1215 1220 1
1216 2004 -1
1216 2005 -1
1217 1221 -1
1218 1224 1
1218 2002 1
1218 2004 -1
1218 2005 -1
1219 1220 -1
1219 1222 -1
1219 2001 -1
1219 2003 1
1221 2001 -1
1221 2005 -1
1222 1223 1
1223 2004 -1
1224 1225 -1
1224 2004 1
1225 2001 1
1226 1227 1
1226 1229 1
1226 1232 -1
1226 1235 -1
1226 1240 1
1226 1245 1
1226 2003 1
1226 2005 -1
1227 1231 -1
1227 1236 -1
1227 2001 1
1228 1229 -1
1228 1230 1
1228 1233 1
1228 1237 1
1228 1240 -1
1229 1236 -1
1229 1242 1
1229 1243 1
1229 2002 -1
1229 2003 1
1230 1238 1
1230 1242 -1
1230 1248 -1
1230 2001 1
1230 2005 1
1231 1240 -1
1231 1244 1
1231 2001 -1
1231 2005 -1
1232 1235 -1
1232 1236 -1
1232 1244 1
1232 1246 1
1233 1237 1
1233 2005 -1
1234 1236 1
1234 1237 1
1234 1246 1
1234 2004 -1
1235 1236 -1
1235 1239 1
1235 1242 1
1235 1244 1
1235 2002 -1
1236 1243 1
1236 1246 1
1236 1250 -1
1236 2001 1
1236 2005 -1
1237 1242 -1
1237 2001 1
1238 1247 -1
1239 1246 -1
1239 1249 -1
1240 1241 1
1240 1242 -1
1240 2003 -1
1240 2004 1
1241 1242 -1
1241 1243 -1
1241 2001 -1
1241 2004 1
1242 1249 1
1242 2004 1
1243 2001 1
1243 2002 -1
1243 2004 1
1244 1245 -1
1244 1250 -1
1244 2002 -1
1244 2004 -1
1245 1250 1
1246 2003 1
1246 2004 -1
1247 2001 -1
1247 2004 -1
1248 2001 -1
1249 2002 -1
1249 2005 1
1250 2001 -1
1251 1256 1
1251 1263 -1
1251 1265 1
1251 1267 1
1251 1270 1
1251 1271 1
1251 2004 1
1251 2005 -1
1252 1257 1
1252 1264 -1
1252 2002 1
1252 2003 -1
1253 1270 1
1253 2002 1
1254 1255 -1
1254 1270 1
1254 2002 1
1254 2003 -1
1254 2005 -1
1255 1263 -1
1255 1265 -1
1255 1268 1
1255 2002 -1
1256 1258 1
1256 1259 1
1256 1260 1
1256 1265 1
1256 1270 1
1256 1271 1
1256 1273 -1
1256 2005 -1
1257 1261 1
1257 1270 -1
1258 1263 1
1258 1267 1
1258 1275 -1
1258 2002 -1
1258 2003 1
1258 2004 -1
1258 2005 -1
1260 1268 -1
1260 1269 -1
1260 1273 -1
1260 1275 -1
1260 2001 1
1261 1262 1
1261 1266 -1
1261 2001 1
1261 2003 1
1262 1264 -1
1262 1267 -1
1263 1268 -1
1263 1270 -1
1263 1272 -1
1263 2001 -1
1263 2005 -1
1264 1266 -1
1264 1268 1
1264 1274 1
1264 2004 1
1264 2005 -1
1265 1272 -1
1266 1267 -1
1266 2003 -1
1267 2001 -1
1268 1275 -1
1269 1272 -1
1270 1274 1
1270 2002 -1
1271 2001 -1
1271 2004 -1
1272 2001 1
1274 2004 1
1274 2005 -1
1275 2003 -1
1276 1277 -1
1276 1278 -1
1276 1283 -1
1276 1286 1
1276 1293 -1
1276 2003 1
1276 2004 1
1277 1295 -1
1277 1298 1
1277 1300 1
1277 2001 1
1278 1284 -1
1278 1297 -1
1278 2001 1
1279 1281 1
1279 1285 1
1279 1286 1
1279 1289 -1
1279 1298 1
1279 2004 1
1279 2005 1
1281 1287 -1
1281 1289 1
1281 1293 -1
1281 1297 -1
1281 1300 -1
1282 1285 1
1282 1287 1
1282 1290 -1
1282 2002 -1
1282 2004 1
1283 1289 1
1283 1293 1
1283 1299 1
1283 2002 -1
1284 1297 1
1284 2001 1
1284 2003 1
1284 2004 -1
1284 2005 -1
1285 1288 1
1285 1291 -1
1285 1300 -1
1285 2002 1
1285 2004 -1
1286 1296 -1
1286 1299 -1
1286 1300 -1
1287 1298 -1
1287 2005 -1
1288 1290 1
1288 1300 1
1288 2002 -1
1288 2004 1
1289 1299 1
1289 1300 -1
1289 2001 -1
1290 2003 -1
1290 2004 1
1291 2004 1
1292 1300 1
1293 1300 -1
1293 2001 1
1294 1298 -1
1294 1299 1
1294 2001 1
1294 2005 -1
1295 1296 -1
1295 2001 1
1298 1299 -1
1298 1300 1
1298 2002 1
1299 1300 1
1300 2002 -1
1301 1306 -1
1301 1317 1
1301 1321 -1
1301 2003 -1
1302 1305 1
1302 1308 -1
1302 1310 1
1302 1315 -1
1302 1316 1
1303 1315 1
1303 1316 -1
1303 1322 1
1303 2001 -1
1304 1305 -1
1304 1306 1
1304 1321 -1
1304 1322 1
1304 2003 -1
1304 2004 1
1305 1313 1
1305 1321 -1
1305 2003 -1
1305 2005 1
1306 1310 1
1306 2002 -1
1306 2004 -1
1307 1309 1
1307 1322 1
1308 1309 -1
1308 1314 1
1308 1316 -1
1308 1321 -1
1308 1322 1
1308 1324 1
1308 2001 1
1308 2005 1
1309 1311 1
1309 1312 -1
1309 1316 1
1309 1318 -1
1309 1319 1
1310 1311 -1
1310 1320 1
1310 2004 -1
1311 1312 -1
1311 2001 1
1311 2003 1
1311 2004 1
1312 1314 -1
1312 1323 1
1312 2002 1
1312 2003 -1
1313 1318 1
1313 2003 -1
1313 2005 -1
1314 1318 -1
1314 2001 1
1314 2002 1
1315 1319 -1
1315 1325 -1
1315 2003 1
1316 1317 1
1316 1320 1
1317 2001 1
1317 2004 1
1318 1324 1
1318 2003 -1
1318 2004 1
1319 1322 -1
1319 2002 -1
1319 2003 -1
1319 2005 -1
1322 2001 -1
1322 2003 1
1322 2005 -1
1323 1324 -1
1324 2002 1
1326 1338 1
1326 1339 1
1326 1348 -1
1326 2001 -1
1326 2003 -1
1326 2005 1
1327 1331 1
1327 1343 1
1327 1346 1
1327 1348 1
1327 2001 1
1327 2004 -1
1328 1329 -1
1328 1330 1
1328 1333 1
1328 1336 1
1328 1344 -1
1328 1346 1
1328 1349 1
1329 1331 1
1329 1336 1
1329 1337 1
1329 1346 1
1329 1348 -1
1329 2001 1
1329 2005 1
1330 1335 -1
1330 2001 -1
1330 2003 1
1331 1339 1
1331 2002 1
1331 2005 -1
1332 1336 -1
1332 1343 1
1332 2001 1
1332 2002 1
1333 1340 1
1333 1345 -1
1333 2001 1
1333 2004 -1
1334 1343 1
1334 1347 1
1334 1348 1
1334 2005 -1
1335 1336 1
1335 1342 -1
1335 1345 1
1336 1347 -1
1336 1349 -1
1336 1350 1
1337 1344 -1
1337 2003 -1
1338 1339 -1
1338 1340 -1
1338 1343 1
1338 1347 1
1338 2004 -1
1339 2001 1
1340 1350 1
1340 2003 -1
1341 1342 1
1341 1349 1
1342 1343 -1
1342 1345 1
1342 2004 1
1343 1346 1
1343 2003 -1
1344 1348 1
1344 2001 1
1344 2003 -1
1346 1347 -1
1346 2004 -1
1346 2005 -1
1347 2004 1
1348 2003 -1
1349 2002 1
1349 2004 -1
1350 2002 1
1350 2004 -1
1351 1365 -1
1352 1353 1
1352 1356 1
1352 1360 1
1352 1365 1
1353 1363 -1
1353 1365 -1
1353 1366 -1
1353 1371 -1
1354 1373 1
1355 1369 -1
1355 2001 1
1355 2003 -1
1356 1365 1
1356 1366 1
1356 1371 1
1356 2001 -1
1356 2003 -1
1357 1363 1
1357 1369 -1
1357 1375 -1
1358 1360 -1
1358 1366 1
1358 2004 1
1359 1368 1
1359 1369 -1
1359 1371 1
1359 1374 -1
1360 1364 1
1360 1366 1
1360 1370 -1
1361 1365 1
1361 1369 -1
1361 2001 1
1361 2002 1
1362 1366 -1
1362 1367 -1
1362 1368 -1
1363 1373 -1
1363 1375 1
1364 1366 1
1364 1368 -1
1364 1372 -1
1364 1374 1
1364 2001 -1
1364 2003 -1
1364 2005 1
1365 1367 1
1365 1369 1
1365 1372 1
1366 2003 -1
1366 2004 -1
1367 1373 1
1367 1374 1
1367 1375 1
1368 2002 -1
1368 2003 1
1369 1372 1
1369 1375 1
1369 2001 -1
1370 2005 1
1371 2003 -1
1372 1373 1
1372 1374 -1
1372 2002 1
1372 2004 -1
1374 2002 1
1375 2001 -1
1376 1385 1
1376 1389 -1
1376 1392 -1
1376 2001 1
1376 2005 -1
1377 1389 -1
1377 2002 -1
1377 2004 1
1377 2005 -1
1378 1380 -1
1378 1386 -1
1378 1393 1
1378 1395 -1
1378 1396 1
1378 2001 -1
1379 1383 1
1379 1387 -1
1379 1397 1
1379 1400 1
1379 2003 1
1379 2005 -1
1380 1385 -1
1380 1391 1
1380 1392 -1
1380 1398 -1
1380 2005 -1
1381 1382 -1
1381 1383 -1
1381 1384 -1
1381 1399 1
1382 1398 -1
1382 1400 -1
1382 2001 1
1383 1391 -1
1383 1392 1
1384 1395 1
1384 1396 -1
1384 2002 1
1384 2004 1
1385 1387 -1
1385 1392 1
1385 2001 -1
1385 2002 -1
1386 1395 -1
1386 1396 1
1386 2001 -1
1387 1389 -1
1387 1398 -1
1388 1390 1
1388 2002 -1
1389 1390 -1
1389 1394 1
1389 1399 1
1389 2001 1
1390 1391 -1
1390 1392 -1
1390 1399 -1
1390 2005 -1
1391 1397 -1
1391 2005 1
1392 1394 1
1393 1394 -1
1393 1396 -1
1393 1397 1
1393 1400 1
1394 1398 -1
1394 2004 1
1395 1398 -1
1395 1400 1
1395 2002 1
1395 2005 -1
1396 2003 -1
1396 2004 1
1396 2005 1
1397 2001 1
1398 1399 -1
1398 2003 -1
1399 2001 -1
1400 2001 -1
1400 2005 1
1401 1403 -1
1401 1415 1
1401 2001 1
1402 1403 1
1402 1404 1
1402 1414 -1
1402 1417 -1
1402 1424 -1
1402 2001 1
1402 2003 -1
1403 1405 1
1403 1415 1
1403 1422 1
1403 1423 -1
1404 1410 1
1404 1412 1
1404 1417 1
1404 1422 1
1404 1423 1
1404 2003 -1
1404 2004 1
1405 1407 -1
1405 1410 1
1405 1411 -1
1405 1414 1
1405 2002 1
1405 2003 1
1406 1413 -1
1406 1421 1
1406 2001 1
1406 2002 -1
1407 1414 -1
1407 1419 -1
1407 1422 -1
1408 1413 -1
1408 1416 -1
1408 1419 1
1408 1423 1
1408 1424 1
1409 1410 -1
1409 1411 1
1409 1415 -1
1409 1418 1
1409 1421 -1
1409 1422 1
1409 1425 -1
1410 1419 1
1410 1420 -1
1410 1424 -1
1410 2003 -1
1410 2005 1
1411 1418 -1
1411 1421 1
1411 2005 1
1412 1422 -1
1412 2002 1
1413 1419 1
1413 1422 1
1413 2002 1
1414 1416 1
1414 1417 1
1414 1421 1
1414 1422 1
1415 1421 -1
1415 1425 1
1415 2005 1
1416 1420 1
1417 1423 1
1417 1425 -1
1417 2002 1
1417 2005 1
1418 1419 1
1418 1420 -1
1418 1421 -1
1419 2003 1
1420 2003 1
1420 2004 -1
1421 2001 -1
1422 2005 1
1424 2002 1
1426 1433 1
1426 1436 1
1426 1438 1
1426 1443 1
1426 2001 1
1426 2002 1
1427 1428 1
1427 1434 1
1427 1438 -1
1428 1433 1
1428 1434 1
1428 2002 -1
1429 1435 1
1429 1437 -1
1429 2001 1
1429 2005 -1
1430 1444 1
1430 2003 -1
1430 2005 1
1431 1434 1
1431 1438 -1
1431 1442 -1
1431 1448 -1
1431 1449 1
1431 1450 1
1431 2001 -1
1431 2002 -1
1431 2003 1
1432 1435 -1
1432 1450 -1
1433 1436 1
1433 1439 -1
1433 1450 -1
1433 2001 1
1434 1449 1
1434 2001 1
1434 2003 1
1435 1441 1
1435 1447 -1
1435 1449 1
1435 2003 1
1436 1439 1
1436 1447 -1
1436 1450 1
1436 2002 1
1436 2005 -1
1437 1442 1
1437 1443 -1
1438 1440 1
1438 2003 1
1438 2004 -1
1439 1444 1
1439 1448 -1
1439 2004 -1
1440 2005 1
1441 1449 -1
1441 1450 1
1441 2005 -1
1442 1449 -1
1443 2003 1
1444 1446 1
1444 1450 -1
1445 2003 1
1446 2001 1
1446 2002 -1
1447 1449 1
1448 2004 -1
1448 2005 -1
1449 2002 -1
1451 1456 1
1451 1457 -1
1451 1458 1
1451 1466 -1
1451 2004 1
1452 1456 -1
1452 1457 -1
1452 1461 1
1452 1474 1
1452 2002 -1
1452 2004 1
1453 1458 1
1453 1459 -1
1453 1461 1
1453 1468 -1
1453 2005 1
1454 1455 1
1454 1459 1
1454 1460 1
1454 1465 1
1455 1463 -1
1455 2002 1
1455 2003 1
1456 1461 -1
1456 2003 1
1457 1461 -1
1457 2001 1
1457 2003 1
1458 1463 1
1458 1470 1
1458 2002 -1
1458 2003 -1
1459 2001 -1
1460 1468 -1
1460 1469 1
1460 1472 1
1460 1473 1
1460 2002 1
1460 2003 -1
1461 1468 1
1461 1469 -1
1461 2001 -1
1461 2002 -1
1462 1465 -1
1462 1469 -1
1462 2001 -1
1462 2002 -1
1463 2003 -1
1464 1470 -1
1465 1469 1
1465 1471 1
1465 2005 1
1466 1472 -1
1466 2004 -1
1466 2005 -1
1467 1470 -1
1467 2003 -1
1467 2004 -1
1468 2001 -1
1468 2002 -1
1468 2003 1
1469 1475 -1
1469 2004 1
1469 2005 1
1470 1475 -1
1472 1473 -1
1472 2001 1
1472 2002 1
1473 1474 -1
1473 2004 1
1474 2001 -1
1474 2003 1
1475 2003 -1
1475 2005 -1
1476 1477 -1
1476 1478 1
1476 1482 -1
1476 1483 -1
1476 1484 1
1476 1487 -1
1476 2002 -1
1476 2003 -1
1476 2004 -1
1477 1480 1
1477 1486 -1
1477 1492 -1
1477 2001 1
1478 1486 -1
1478 1488 1
1478 1492 1
1478 1495 1
1478 1497 1
1478 1500 1
1479 1481 1
1479 1490 -1
1479 1498 -1
1480 1484 -1
1480 1486 1
1480 1488 1
1480 1493 -1
1480 1497 -1
1480 1500 -1
1481 1485 -1
1481 1487 -1
1481 1494 1
1481 1498 1
1481 2001 -1
1481 2003 1
1481 2005 1
1482 1486 1
1482 1489 1
1482 1494 1
1482 1499 -1
1482 2002 -1
1483 1487 -1
1483 1495 1
1484 1490 -1
1484 1491 -1
1484 1492 -1
1484 1496 -1
1484 1498 -1
1484 1499 1
1484 2002 1
1485 1490 1
1485 1496 1
1485 2001 1
1485 2002 1
1485 2004 -1
1486 1488 -1
1486 1489 -1
1486 1494 -1
1486 1498 1
1486 2004 1
1487 1492 1
1487 1494 -1
1487 2002 -1
1488 1490 1
1488 1496 -1
1489 1491 1
1489 1493 1
1489 1494 -1
1489 1498 -1
1489 2003 1
1490 2004 -1
1491 1497 -1
1492 2001 -1
1493 1497 -1
1493 1499 -1
1493 2003 1
1493 2004 -1
1495 2001 -1
1498 2005 -1
1499 2005 -1
1500 2001 1
1501 1508 -1
1501 1512 -1
1501 1518 -1
1501 1521 -1
1502 1509 1
1502 1510 1
1502 1513 -1
1502 1514 -1
1502 2002 1
1502 2004 -1
1502 2005 -1
1503 1510 1
1503 1511 1
1503 1514 -1
1503 1521 -1
1503 1522 -1
1503 2001 -1
1503 2002 -1
1504 1506 1
1504 1519 1
1504 1524 1
1504 2002 -1
1505 1515 -1
1505 1520 -1
1505 1522 1
1505 2005 -1
1506 1508 -1
1506 1510 -1
1506 1515 -1
1506 2003 1
1507 1510 -1
1507 1513 1
1507 1516 1
1507 1521 1
1507 2003 1
1508 1516 1
1508 1523 1
1508 1524 1
1508 2002 1
1509 1511 1
1509 1523 -1
1509 1524 1
1509 2003 1
1510 1514 1
1510 1519 -1
1510 1521 -1
1511 1512 -1
1512 1521 -1
1512 1522 -1
1512 2004 -1
1513 1519 -1
1513 1524 -1
1513 2001 -1
1513 2002 1
1514 1516 1
1514 1520 -1
1514 1525 1
1514 2003 1
1514 2004 1
1515 1522 1
1515 2001 1
1515 2004 -1
1516 1519 1
1516 1521 1
1516 2002 -1
1516 2005 -1
1517 2003 1
1518 2002 -1
1519 1524 1
1519 2002 1
1520 2004 1
1521 1525 1
1521 2002 -1
1521 2003 -1
1522 2001 1
1522 2002 -1
1522 2004 1
1522 2005 -1
1523 2003 -1
1524 1525 -1
1525 2003 -1
1525 2005 -1
1526 1530 -1
1526 1534 1
1526 1540 -1
1526 1541 1
1526 1550 -1
1526 2001 1
1526 2005 -1
1527 1528 -1
1527 1530 1
1527 1541 1
1527 1545 1
1527 2002 -1
1527 2005 -1
1528 1541 1
1528 1548 -1
1528 2001 -1
1529 1534 1
1529 1538 1
1529 1539 -1
1529 1544 -1
1529 1547 -1
1529 2001 1
1530 1532 -1
1530 1542 1
1530 1545 -1
1530 1550 -1
1530 2005 1
1531 1533 -1
1531 1539 1
1531 1540 -1
1531 1545 1
1531 1547 1
1531 2001 1
1532 1539 -1
1533 1534 -1
1533 1537 -1
1535 1536 -1
1535 2002 1
1535 2005 1
1536 1537 1
1536 1540 -1
1536 1547 -1
1536 1549 -1
1536 2001 -1
1536 2002 1
1536 2005 1
1537 1549 1
1538 1539 -1
1538 1542 -1
1538 2002 1
1538 2003 -1
1538 2005 -1
1539 1546 -1
1539 1550 1
1539 2001 -1
1539 2003 -1
1540 1545 -1
1540 2003 -1
1540 2004 -1
1541 1544 1
1541 1550 -1
1542 2001 1
1542 2002 1
1542 2004 -1
1542 2005 -1
1543 1545 -1
1543 1550 -1
1543 2003 -1
1544 2004 1
1546 2003 -1
1547 2004 -1
1548 2005 -1
1550 2001 -1
1550 2005 -1
1551 1556 -1
1551 1560 -1
1551 1561 -1
1551 1569 -1
1552 1557 -1
1552 1565 1
1552 1567 -1
1552 2004 1
1552 2005 1
1553 1557 -1
1553 1562 1
1553 2002 -1
1553 2003 -1
1554 1561 1
1554 1563 1
1554 1569 1
1554 1570 1
1554 1572 1
1554 2001 1
1554 2005 -1
1555 1566 -1
1555 1575 1
1555 2001 -1
1556 1558 -1
1556 1559 -1
1556 1560 1
1556 1564 1
1556 1565 -1
1556 1567 -1
1557 1562 1
1557 1563 -1
1557 1565 -1
1557 1569 1
1557 1572 1
1557 2002 -1
1558 1566 -1
1558 1571 1
1558 1574 -1
1558 2001 -1
1559 1562 1
1559 1564 -1
1559 1570 1
1559 1573 1
1559 1574 1
1559 2003 -1
1560 1565 1
1560 1573 1
1562 1575 -1
1562 2001 -1
1563 1572 1
1563 1574 -1
1564 1568 1
1564 1573 -1
1564 1575 1
1564 2003 -1
1564 2004 1
1565 1566 1
1565 1567 -1
1565 1573 -1
1565 1575 -1
1565 2001 -1
1565 2002 1
1565 2005 -1
1566 1571 1
1566 2004 -1
1567 1569 1
1567 1570 1
1567 1572 -1
1567 1573 1
1567 1575 -1
1568 1573 -1
1568 1574 1
1569 1571 1
1569 2002 -1
1569 2003 1
1570 1571 -1
1570 2003 1
1572 1575 1
1572 2005 -1
1573 1574 1
1573 2004 -1
1574 2002 1
1575 2002 -1
1576 1577 -1
1576 1592 -1
1576 1593 1
1576 1596 1
1576 2002 -1
1577 1580 -1
1577 1583 -1
1577 1585 -1
1577 1587 1
1577 1595 1
1577 1597 -1
1577 1599 1
1577 2002 -1
1577 2004 1
1578 1583 -1
1578 1586 1
1578 1589 -1
1578 1591 1
1579 1584 -1
1579 1585 -1
1579 1587 -1
1579 1597 -1
1579 1598 1
1579 2002 1
1579 2004 1
1579 2005 -1
1580 1582 1
1580 1584 -1
1580 1585 -1
1580 1586 1
1580 1589 1
1580 1590 -1
1580 1591 -1
1580 1595 1
1580 1597 -1
1580 1598 -1
1580 2001 1
1580 2002 1
1580 2003 1
1580 2005 1
1581 1584 1
1581 2001 1
1581 2004 1
1582 1591 -1
1582 2002 -1
1583 1592 -1
1585 2001 1
1585 2002 1
1585 2004 -1
1586 1587 -1
1586 2002 -1
1587 1591 -1
1587 1593 1
1587 1596 1
1587 2002 -1
1587 2004 1
1588 1598 -1
1588 1600 -1
1588 2004 -1
1589 1592 1
1589 1593 -1
1589 1594 -1
1589 1595 -1
1589 2002 1
1590 1595 1
1591 1598 1
1591 2004 1
1591 2005 1
1592 1593 1
1592 1598 1
1592 2001 -1
1592 2003 1
1593 1597 -1
1593 1598 1
1593 1599 1
1593 2002 -1
1594 1599 1
1594 2001 -1
1594 2002 -1
1596 2005 -1
1597 1600 -1
1597 2002 1
1597 2003 1
1598 2002 -1
1599 1600 1
1599 2001 1
1599 2003 -1
1599 2004 1
1601 1610 -1
1601 1615 1
1601 1616 1
1601 1617 1
1601 1624 1
1602 1608 1
1602 1609 1
1602 1619 -1
1602 1624 1
1602 2003 -1
1603 1605 -1
1603 1613 1
1604 1615 -1
1604 1619 1
1604 1621 -1
1604 1623 1
1605 1606 -1
1605 1610 1
1605 2001 -1
1606 2004 1
1606 2005 1
1607 1617 1
1607 1618 -1
1607 2003 1
1608 1611 -1
1608 1619 -1
1608 1620 1
1609 1610 -1
1609 1621 1
1609 2005 1
1610 1616 -1
1610 1625 -1
1610 2001 1
1611 1614 1
1611 1616 1
1611 1618 -1
1611 1622 -1
1611 2005 1
1612 1620 1
1612 1624 -1
1613 1622 -1
1613 2002 -1
1614 1625 -1
1614 2003 1
1614 2005 -1
1615 1623 1
1616 1618 -1
1616 1619 1
1616 2004 -1
1617 1619 -1
1619 2001 -1
1620 2005 -1
1621 2001 -1
1621 2002 1
1621 2005 1
1622 1625 -1
1622 2003 -1
1623 2003 1
1623 2004 1
1624 1625 1
1624 2004 -1
1626 1631 1
1626 1642 1
1626 1647 -1
1626 2004 -1
1627 1632 -1
1627 1643 -1
1628 1629 1
1628 1632 1
1628 1633 -1
1628 1634 1
1628 1637 1
1628 1638 -1
1628 1639 -1
1628 1643 -1
1628 1648 1
1629 1640 1
1629 1647 1
1629 1648 1
1629 1649 1
1629 2001 -1
1629 2002 -1
1629 2003 1
1630 1633 -1
1630 1638 -1
1630 1639 1
1630 1643 1
1630 1646 -1
1630 1647 -1
1631 1633 -1
1631 1637 -1
1631 1644 -1
1631 1646 1
1631 2001 -1
1632 1638 1
1632 1645 1
1632 2005 1
1633 2003 1
1633 2004 -1
1633 2005 -1
1634 1640 1
1634 1648 -1
1634 2001 1
1634 2002 -1
1635 1638 1
1635 1650 -1
1635 2005 -1
1636 1645 1
1637 1644 1
1637 1648 -1
1637 2005 1
1638 1640 -1
1638 1647 1
1639 1644 1
1640 1646 -1
1640 2002 -1
1641 1644 -1
1641 1645 -1
1642 1643 -1
1642 2005 -1
1643 1645 1
1643 2005 -1
1644 1645 1
1644 1648 -1
1645 2003 -1
1646 2002 -1
1647 1649 -1
1647 2004 -1
1647 2005 -1
1649 2001 -1
1649 2003 1
1651 1654 1
1651 1663 -1
1651 1664 1
1651 2001 1
1651 2002 -1
1651 2005 -1
1652 2002 1
1652 2003 -1
1652 2004 -1
1653 1660 1
1653 1666 1
1653 1668 1
1653 1671 -1
1653 1675 1
1654 1655 1
1654 1659 -1
1654 1663 -1
1654 1671 1
1655 1657 -1
1655 1661 -1
1655 1675 1
1655 2001 1
1656 1658 1
1656 1665 1
1656 1666 -1
1656 1674 1
1657 1661 -1
1657 1662 -1
1657 1663 -1
1657 2003 1
1658 1664 -1
1658 1666 1
1658 1672 -1
1659 1665 1
1659 1666 -1
1659 1667 1
1659 1674 -1
1659 2005 1
1660 1663 1
1660 1665 -1
1660 1674 1
1660 2005 1
1661 1665 1
1661 1667 -1
1661 1668 -1
1661 1674 -1
1661 2001 1
1662 1665 -1
1662 1666 1
1662 1672 1
1662 2002 1
1663 1666 1
1663 1671 1
1663 1675 -1
1663 2005 -1
1664 1666 1
1664 1668 -1
1664 2004 1
1665 1672 1
1665 1673 -1
1665 2002 1
1665 2003 1
1665 2005 1
1666 1673 1
1667 2001 1
1668 2002 -1
1668 2004 1
1669 1674 1
1670 1673 -1
1670 1675 1
1673 2005 1
1674 1675 1
1674 2003 1
1675 2002 -1
1676 1683 -1
1676 1688 -1
1676 1692 1
1677 1695 1
1677 1699 -1
1678 1680 1
1678 1681 1
1678 1691 -1
1678 1692 -1
1678 1695 -1
1678 1696 1
1678 1697 -1
1678 2002 1
1678 2003 1
1679 1689 -1
1679 1691 1
1679 1694 -1
1679 2003 -1
1679 2005 1
1680 1685 1
1680 2005 -1
1681 1686 -1
1681 1698 1
1681 2001 1
1682 1694 1
1683 1684 -1
1683 1685 1
1683 1686 1
1683 1690 -1
1683 1697 -1
1683 2002 -1
1684 1685 1
1684 1687 -1
1684 1689 1
1684 2001 -1
1684 2002 1
1684 2003 -1
1685 1689 -1
1685 1692 1
1685 1697 1
1685 2002 -1
1685 2003 -1
1686 1695 -1
1687 1690 -1
1687 1694 -1
1687 1696 1
1687 2002 -1
1688 1694 1
1688 1695 1
1688 1696 1
1688 1698 1
1688 2002 -1
1688 2003 -1
1689 1691 1
1689 1692 -1
1689 1697 -1
1689 2004 1
1690 1696 1
1690 1700 -1
1691 2004 1
1693 1697 -1
1693 2003 1
1694 1699 1
1694 1700 1
1694 2001 1
1695 2002 -1
1695 2005 -1
1696 1697 1
1697 1698 1
1698 2001 -1
1698 2003 -1
1699 2002 -1
1701 1704 -1
1701 1707 -1
1701 1709 -1
1701 1711 1
1701 1720 1
1701 2001 1
1702 1714 -1
1702 1720 -1
1702 2004 -1
1703 1704 -1
1703 1706 1
1703 1707 1
1703 1709 1
1703 1711 -1
1703 1722 1
1703 2002 -1
1703 2005 -1
1704 1714 -1
1704 1725 1
1704 2004 1
1704 2005 1
1705 1708 -1
1705 2001 -1
1705 2002 1
1706 1710 -1
1706 1722 1
1707 1723 1
1707 1724 1
1707 2002 1
1708 1715 1
1708 1723 -1
1708 2003 -1
1708 2004 -1
1709 1713 1
1709 1715 -1
1709 1720 -1
1709 1722 -1
1710 1712 -1
1710 1714 1
1710 1717 1
1710 1723 -1
1711 1717 -1
1711 2002 -1
1712 1721 1
1712 1723 1
1712 2001 -1
1712 2003 -1
1712 2004 -1
1713 1719 1
1713 1722 -1
1713 2004 1
1714 1717 -1
1714 1725 1
1714 2002 1
1715 1718 -1
1716 1717 -1
1716 1718 1
1717 2003 1
1717 2004 1
1718 1725 -1
1719 1722 -1
1719 1723 1
1719 1724 -1
1719 2001 1
1720 1722 1
1720 1725 -1
1721 1725 1
1721 2002 -1
1722 2004 1
1722 2005 -1
1723 1724 1
1723 2004 -1
1723 2005 -1
1724 2005 -1
1725 2003 1
1726 1729 1
1726 1735 1
1726 1737 -1
1726 1746 1
1726 2005 1
1727 1734 -1
1727 1742 -1
1727 1745 1
1727 1749 -1
1727 2002 -1
1728 1729 1
1728 1731 1
1728 1732 -1
1728 1735 1
1728 1738 -1
1728 1739 -1
1728 1740 1
1728 1750 -1
1728 2002 -1
1728 2003 -1
1729 1731 1
1729 1740 -1
1729 2002 1
1729 2004 -1
1730 1738 1
1730 1741 -1
1730 1746 -1
1730 1749 1
1730 2005 1
1731 1736 -1
1731 1741 -1
1731 1750 -1
1731 2001 -1
1732 1741 1
1732 1745 1
1732 1747 1
1733 1744 1
1733 1745 -1
1733 2003 1
1733 2005 -1
1734 1740 -1
1734 1745 1
1734 1748 -1
1734 1750 1
1734 2005 1
1735 1741 -1
1735 1745 -1
1735 1746 1
1735 1749 -1
1735 2003 -1
1736 1740 -1
1736 1744 1
1736 1750 1
1737 1738 1
1737 2002 1
1738 1742 1
1738 1747 -1
1738 2001 1
1738 2004 -1
1738 2005 1
1739 1742 -1
1739 1744 -1
1739 1749 1
1739 2001 -1
1740 1746 -1
1740 1749 -1
1741 2005 1
1743 1744 -1
1743 1747 1
1743 1749 -1
1743 2002 -1
1744 1747 -1
1744 1748 -1
1745 1750 1
1745 2002 1
1745 2004 -1
1746 2001 -1
1747 2001 -1
1747 2004 -1
1748 2003 1
1749 2004 -1
1750 2005 -1
1751 1756 -1
1751 1758 -1
1751 1759 1
1752 1761 -1
1752 1769 -1
1752 2001 1
1752 2002 -1
1753 1757 1
1753 1762 -1
1753 1764 1
1753 1770 1
1753 2001 1
1753 2002 1
1754 1756 1
1754 1758 -1
1754 1761 1
1754 1767 1
1754 1775 -1
1754 2001 -1
1755 1757 1
1755 1758 1
1755 1759 -1
1755 1765 -1
1755 1767 -1
1755 1768 -1
1755 1770 -1
1755 2003 1
1756 1763 1
1756 1764 1
1757 2004 1
1758 1764 1
1758 1767 -1
1758 1768 -1
1758 2005 -1
1759 1760 -1
1759 1764 -1
1759 1765 -1
1759 1768 1
1759 1769 1
1759 1773 1
1759 2003 -1
1759 2005 -1
1760 1761 -1
1760 1763 -1
1760 1767 -1
1760 1770 -1
1760 2004 1
1761 1762 -1
1762 1766 -1
1762 1772 -1
1762 1775 -1
1762 2004 1
1763 1772 -1
1763 2002 -1
1764 1767 1
1765 2002 -1
1766 2003 -1
1766 2005 1
1767 2003 1
1768 1769 -1
1768 1773 -1
1769 1773 -1
1769 2001 -1
1769 2005 1
1770 1772 1
1770 2005 1
1771 2001 -1
1771 2004 -1
1772 1774 1
1772 2001 -1
1772 2004 1
1772 2005 1
1773 2001 1
1773 2002 1
1774 2004 -1
1775 2002 1
1775 2004 1
1776 1785 -1
1776 1788 1
1776 1790 1
1776 1795 -1
1776 1797 -1
1776 1798 1
1776 1800 1
1776 2001 1
1776 2002 -1
1777 1781 1
1777 1782 -1
1777 1788 -1
1777 1800 -1
1777 2004 -1
1778 1783 1
1778 1785 1
1778 1788 -1
1778 1796 -1
1778 1798 -1
1778 2003 -1
1779 1792 1
1780 1788 1
1780 1794 -1
1781 1783 -1
1781 1789 -1
1781 1790 1
1781 1795 -1
1781 1797 1
1781 2002 1
1781 2004 1
1782 1783 -1
1782 1800 1
1782 2004 1
1783 1786 -1
1783 1788 1
1783 1791 -1
1783 1795 1
1784 1795 1
1785 1791 -1
1786 1790 -1
1786 1791 1
1786 1797 -1
1787 1799 -1
1787 2002 -1
1788 2001 1
1788 2003 1
1789 2001 1
1789 2005 -1
1790 1791 1
1790 1793 1
1790 1794 -1
1790 1795 -1
1791 1792 -1
1791 1794 -1
1791 1798 -1
1791 1800 1
1791 2003 -1
1792 1799 -1
1792 2002 -1
1793 1798 -1
1793 2005 -1
1794 1795 1
1794 1796 1
1794 1797 -1
1794 2002 1
1794 2003 -1
1794 2004 -1
1795 1796 -1
1795 1798 1
1795 2001 -1
1797 2001 -1
1797 2005 -1
1798 1800 1
1799 2001 -1
1800 2001 1
1801 1802 -1
1801 1805 -1
1801 1811 1
1801 2002 -1
1801 2005 1
1802 1805 1
1802 1816 1
1802 1822 -1
1803 1815 1
1803 2003 -1
1804 1813 -1
1804 2002 1
1804 2004 1
1805 1810 -1
1805 1811 1
1805 1820 1
1805 1822 1
1805 2003 -1
1806 2001 1
1806 2005 -1
1807 1813 1
1807 1816 1
1807 1822 1
1807 1825 -1
1808 1817 -1
1809 1810 1
1809 1813 1
1809 1819 -1
1809 2002 1
1809 2003 1
1810 1811 1
1810 1812 -1
1810 1814 -1
1810 1818 1
1810 1820 -1
1810 2004 -1
1811 1820 -1
1811 2005 -1
1812 2005 1
1813 1823 -1
1813 2004 -1
1815 1817 -1
1815 1822 -1
1815 2003 1
1815 2005 -1
1816 1817 1
1816 2003 1
1816 2005 1
1817 1822 -1
1817 1825 1
1819 1820 -1
1819 1821 1
1819 2001 -1
1819 2002 -1
1820 1821 -1
1820 1822 -1
1820 2001 -1
1821 1823 -1
1821 1825 -1
1821 2001 -1
1822 2001 -1
1822 2003 -1
1823 1825 1
1824 2001 1
1824 2004 1
1825 2002 -1
1826 1834 1
1826 1849 -1
1826 2002 -1
1827 1832 -1
1827 1835 -1
1827 2001 -1
1828 1829 -1
1828 1837 -1
1828 1839 1
1828 1844 1
1829 1832 1
1829 1834 1
1829 1838 1
1829 1850 -1
1829 2001 1
1829 2002 -1
1830 1846 -1
1830 1850 -1
1831 1842 1
1831 1845 -1
1832 1839 -1
1832 1840 -1
1832 1845 1
1832 1849 -1
1832 2001 -1
1832 2003 1
1832 2004 1
1833 2002 1
1834 2001 1
1836 1840 1
1836 1846 1
1836 1850 1
1837 1841 -1
1837 1845 1
1838 1845 1
1838 1847 -1
1838 2005 1
1839 1848 1
1840 1850 1
1840 2001 -1
1841 1848 -1
1841 2001 1
1841 2002 1
1842 1846 1
1842 1848 1
1843 1845 -1
1843 1847 1
1843 1849 -1
1843 2003 1
1844 1849 -1
1844 2003 -1
1845 1849 -1
1845 2003 -1
1845 2004 1
1846 1847 -1
1847 1850 1
1847 2003 -1
1847 2004 1
1849 2001 1
1850 2002 1
1851 1862 -1
1851 1865 1
1851 1870 -1
1851 2003 -1
1852 1857 1
1852 2001 -1
1852 2002 1
1853 1856 1
1853 1859 -1
1854 1856 1
1854 1861 1
1854 1865 -1
1854 1869 -1
1855 1858 1
1855 1868 -1
1856 1858 -1
1856 1860 -1
1856 1865 1
1856 2002 -1
1857 1859 -1
1857 1860 1
1857 1863 1
1857 1864 1
1857 1874 -1
1857 1875 1
1858 1865 1
1858 1871 1
1858 1874 -1
1858 2003 -1
1858 2005 -1
1859 2005 -1
1860 1861 1
1860 1864 -1
1860 1873 1
1861 1867 -1
1861 1868 -1
1861 1869 -1
1862 1863 1
1862 1867 -1
1862 1868 1
1862 2004 1
1863 1865 1
1863 2004 1
1863 2005 -1
1864 1865 -1
1864 1866 -1
1864 1869 1
1864 1874 1
1864 1875 -1
1864 2003 -1
1865 1867 1
1865 2004 -1
1866 1870 1
1866 1872 -1
1866 1873 1
1866 2001 1
1866 2003 1
1866 2004 -1
1868 2004 -1
1869 1871 1
1870 1871 -1
1870 1873 1
1870 2004 -1
1870 2005 -1
1871 1873 -1
1872 1874 -1
1872 1875 1
1872 2001 1
1872 2002 -1
1873 2003 1
1873 2004 -1
1874 1875 -1
1875 2001 -1
1876 1877 -1
1876 1885 -1
1876 1898 1
1876 2001 -1
1877 1878 -1
1877 1887 -1
1877 1894 1
1877 1895 -1
1877 1897 1
1877 1898 1
1877 2005 -1
1878 1884 1
1878 1886 1
1878 1899 -1
1879 1883 1
1879 1886 -1
1879 1888 -1
1879 2004 1
1880 1888 -1
1880 1895 1
1880 2004 1
1881 1883 1
1881 1884 1
1881 1889 1
1882 1897 -1
1882 2004 -1
1882 2005 -1
1883 1896 1
1883 1897 -1
1883 1900 -1
1883 2001 1
1883 2004 -1
1883 2005 1
1884 1886 1
1884 1897 1
1885 1899 -1
1885 2005 -1
1886 2001 1
1886 2004 -1
1886 2005 1
1887 1889 -1
1888 1896 -1
1889 1893 1
1889 1894 -1
1889 2002 -1
1890 1894 1
1890 1895 -1
1890 1898 -1
1890 2004 1
1891 2005 1
1892 1894 1
1892 1895 -1
1892 2001 1
1892 2004 1
1893 1895 1
1894 2004 1
1895 1899 1
1895 2002 1
1895 2003 -1
1896 2004 -1
1896 2005 1
1897 1898 -1
1897 1899 1
1897 1900 1
1897 2002 -1
1898 2001 1
1899 1900 1
1899 2001 1
1899 2002 1
1900 2002 1
1900 2005 1
1901 1902 -1
1901 1911 1
1901 1915 1
1901 1917 -1
1901 2001 -1
1902 1910 1
1902 1913 1
1902 1925 -1
1902 2002 1
1903 1910 -1
1903 1911 1
1903 1915 -1
1903 1918 1
1903 2004 1
1904 1914 1
1904 1916 -1
1904 1920 -1
1904 1922 1
1904 2004 1
1905 1906 1
1905 1911 -1
1905 1918 -1
1905 1920 1
1905 2005 1
1906 1909 1
1906 1913 -1
1906 1918 1
1907 1908 -1
1907 1910 -1
1907 1916 -1
1907 1924 -1
1907 2005 1
1908 1913 -1
1908 1915 -1
1908 1923 -1
1909 1912 -1
1909 1917 1
1909 1922 -1
1909 2003 -1
1909 2004 -1
1909 2005 -1
1910 1914 1
1910 1918 1
1910 1921 -1
1910 2004 -1
1911 2003 -1
1911 2004 1
1911 2005 1
1912 1915 1
1912 1917 1
1912 1924 1
1912 2001 -1
1912 2002 -1
1912 2003 1
1912 2004 -1
1913 1923 -1
1913 2002 1
1914 1915 -1
1914 1917 1
1914 1919 1
1914 2001 1
1914 2003 1
1916 1921 1
1917 1918 1
1917 1919 1
1917 1922 1
1918 1919 1
1918 2005 1
1919 1920 -1
1919 1922 1
1919 2001 1
1919 2002 -1
1919 2004 -1
1920 1921 -1
1920 2001 -1
1920 2002 1
1920 2005 -1
1921 1922 -1
1921 2005 -1
1922 1925 1
1922 2001 1
1922 2002 -1
1922 2005 -1
1923 2003 1
1923 2004 1
1923 2005 1
1924 1925 1
1924 2003 -1
1925 2004 -1
1926 1945 1
1926 1947 -1
1927 1940 1
1927 1949 1
1927 2001 1
1928 1931 -1
1928 1934 -1
1928 1936 -1
1928 1937 1
1928 1945 -1
1928 2004 1
1929 1934 1
1929 1944 -1
1929 1948 -1
1930 1936 1
1930 1943 1
1930 1950 -1
1930 2004 1
1931 1938 1
1932 1940 1
1932 1948 -1
1932 1949 -1
1932 2001 1
1932 2003 1
1933 1949 -1
1934 1936 1
1934 1942 -1
1934 1944 1
1934 2001 1
1934 2004 1
1935 1939 -1
1935 1947 -1
1935 1950 -1
1935 2003 1
1936 1942 1
1936 1943 -1
1936 2002 -1
1937 1943 1
1937 2002 -1
1938 1939 -1
1938 1941 1
1938 1943 -1
1938 1944 -1
1938 1947 -1
1939 1940 -1
1939 1941 1
1939 1949 -1
1939 2003 1
1940 1942 -1
1940 1947 -1
1941 1944 -1
1941 2001 -1
1941 2005 1
1942 1943 -1
1942 2001 1
1943 1948 1
1943 2001 1
1943 2003 -1
1944 2002 -1
1944 2004 -1
1945 1946 -1
1945 1947 1
1945 2003 -1
1947 2003 -1
1947 2004 -1
1948 2001 -1
1949 2004 -1
1950 2001 -1
1950 2004 1
1951 1953 1
1951 1959 -1
1951 1960 -1
1951 1963 -1
1951 2001 1
1952 1955 1
1952 1957 1
1952 1962 -1
1952 1963 1
1953 1965 -1
1953 1968 1
1953 1973 -1
1953 1975 1
1953 2002 1
1953 2003 1
1954 1965 1
1954 2001 1
1954 2002 1
1954 2004 1
1955 1961 1
1955 1969 1
1955 1974 -1
1955 2003 -1
1956 1969 1
1956 2002 1
1956 2004 -1
1957 1973 -1
1957 2002 -1
1958 1961 1
1958 1975 -1
1958 2001 -1
1958 2003 -1
1959 1968 -1
1959 1970 -1
1959 1971 -1
1960 1975 1
1961 1962 1
1961 1965 1
1961 1972 1
1962 1965 -1
1962 2005 1
1963 1968 1
1963 1973 1
1963 1975 -1
1963 2002 1
1964 1975 1
1964 2004 -1
1965 1966 -1
1965 1971 -1
1965 1975 1
1965 2003 -1
1965 2005 1
1966 1971 1
1966 1974 1
1966 1975 -1
1966 2001 1
1966 2002 -1
1967 1968 1
1967 1970 1
1967 2001 -1
1967 2002 1
1967 2004 1
1968 2003 1
1968 2004 -1
1969 1973 1
1969 2004 1
1970 1971 1
1970 2003 -1
1970 2005 -1
1971 2002 -1
1971 2004 -1
1972 2001 1
1972 2004 1
1973 2004 1
1975 2001 -1
1975 2003 1
1976 1978 1
1976 1983 1
1976 1989 -1
1976 1991 -1
1976 2004 1
1977 1978 -1
1977 1984 -1
1977 1986 1
1977 1988 1
1977 1995 1
1978 1979 1
1978 1980 1
1978 1981 1
1978 1992 1
1978 1994 1
1978 1999 1
1978 2003 -1
1979 1980 -1
1979 1991 1
1979 1997 -1
1979 2003 -1
1980 1985 -1
1980 1991 1
1981 1988 -1
1981 1993 -1
1981 1996 1
1981 2002 1
1981 2003 -1
1982 1988 -1
1982 1989 -1
1982 1995 -1
1982 1997 -1
1982 2002 1
1982 2005 -1
1983 1988 -1
1983 1991 1
1984 1985 1
1984 1987 1
1984 1995 -1
1984 1996 -1
1984 1999 -1
1984 2000 1
1985 1992 -1
1985 1997 -1
1985 1999 1
1985 2002 1
1986 1987 -1
1986 1998 1
1987 1988 1
1987 1990 -1
1987 2005 1
1988 1990 -1
1988 1993 1
1988 1995 -1
1988 1998 -1
1989 2004 1
1990 1999 -1
1990 2003 1
1991 1993 1
1991 1995 1
1991 1999 1
1992 1998 1
1992 1999 1
1992 2001 -1
1992 2004 -1
1992 2005 1
1993 1995 -1
1993 1998 1
1993 2000 -1
1994 1995 -1
1994 1998 -1
1994 1999 1
1994 2005 1
1995 2002 -1
1995 2003 -1
1997 2000 -1
1997 2005 1
1998 2003 -1
1998 2004 -1
2000 2005 -1
2001 2004 -1
2002 2003 1
2003 2005 -1
2004 2005 1
